8069		7.846689e+00	599	7.778502e+00	3144	1.889535e+01	255
8070		2.431545e+00	3179	1.335156e+01	128	1.607172e+01	154
8166		9.449593e+00	179	2.399960e+01	45	1.396241e+01	1247
8168		3.654365e+01	2	5.508533e+00	3062	1.494381e+01	489
8174		1.043486e+01	158	1.351862e+01	269	1.035071e+01	3358
8218		1.259651e+01	215	4.006054e+01	26	1.493294e+01	247
8222		3.696435e+01	15	9.048847e+00	2954	1.345046e+01	798
8256		3.656895e+00	1271	4.092801e+00	1828	1.088091e+01	790
8262		7.938468e-01	2993	1.156169e+01	749	1.137900e+01	572
8281		9.272584e+00	1729	1.663829e+01	141	1.289486e+01	234
8316		1.799847e+01	75	1.303088e+01	1554	1.147662e+01	1891
8334		1.382079e+01	179	2.249537e+01	45	7.928513e+00	3389
8347		5.550026e+00	2770	2.297192e+01	80	1.707199e+01	351
8351		1.247287e+01	263	8.097271e+00	1596	1.165785e+01	486
8386		3.834697e+01	3	6.995245e+00	2462	2.490808e+01	13
8393		2.400404e+01	22	1.365611e+01	1558	1.388501e+01	2285
8395		1.813007e+01	124	1.013049e+01	1516	9.114935e+00	2926
8401		4.323973e+01	1	2.222660e+01	172	1.135070e+01	2589
8435		5.930370e+00	454	1.014247e+01	509	1.520860e+01	299
8443		7.630609e+00	1093	3.898324e+01	8	9.005109e+00	1071
8451		1.980422e+01	34	2.567313e+01	12	1.104310e+01	3199
8456		2.053100e+01	183	8.318000e+00	3557	1.101840e+01	1944
8468		1.378955e+01	287	6.833795e+00	3515	9.446642e+00	1713
8484		1.207977e+01	236	1.148375e+01	393	1.964942e+01	1090
8491		1.018239e+01	2359	9.287853e+00	3420	1.250305e+01	1173
8515		1.171224e+01	171	3.795712e+01	21	2.125624e+01	484
8527		1.653277e+01	226	1.098533e+01	444	1.038481e+01	1292
8529		2.182965e+01	76	8.886194e+00	1056	4.976314e+01	5
8543		1.304223e+01	134	8.116288e+00	2753	1.459826e+01	480
8550		1.413628e+01	738	7.112579e+00	1286	5.938555e+00	2687
8553		2.515040e+01	70	9.683694e+00	944	1.447407e+01	568
8557		2.742557e+01	12	1.467077e+01	626	2.173392e+01	120
8582		7.000291e+00	366	1.384884e+01	1085	1.351849e+01	842
8614		4.308901e+00	550	8.439301e+00	1181	1.182064e+01	449
8642		1.199015e+01	1593	8.319167e+00	3425	1.810123e+01	521
8647		2.251846e+01	22	1.312191e+01	1006	1.257577e+01	2285
8685		3.795556e+00	2921	1.513786e+01	185	2.329755e+01	111
8710		1.986276e+01	28	1.292839e+01	290	1.464279e+01	3596
8715		1.004069e+01	256	9.872365e+00	672	2.989072e+01	14
8734		1.209879e+01	299	1.106967e+01	454	1.719884e+01	180
8741		1.513410e+01	133	3.396621e+00	3624	4.839027e+00	3615
8753		2.478094e+01	25	9.156914e+00	2591	1.008883e+01	1413
8765		7.213068e+00	2221	3.665445e+01	32	1.248806e+01	2505
8788		7.656704e+00	447	1.296636e+01	409	1.065016e+01	1785
8835		8.308325e+00	266	1.787046e+01	44	1.424722e+01	1691
8840		1.880342e+01	26	1.299486e+01	567	2.605933e+01	25
8908		1.243452e+01	129	8.503743e+00	2078	1.036376e+01	2614
8914		3.067736e+01	12	1.023513e+01	834	9.147805e+00	2117
8924		1.178654e+01	290	1.502706e+01	211	2.773841e+01	77
8935		1.124311e+01	675	1.771603e+01	211	2.012432e+01	202
8948		2.699470e+01	35	1.196585e+01	343	6.830419e+00	3003
8959		2.150279e+01	172	4.299985e+00	3615	2.353844e+01	133
8965		6.123032e+00	504	3.972987e+01	11	2.396913e+01	356
8967		2.399200e+01	15	1.013765e+01	2925	1.360697e+01	962
8991		2.817835e+01	8	2.348785e+01	61	1.939690e+01	682
9004		1.249593e+01	181	1.483900e+01	230	6.370792e+00	2130
9014		7.694213e+00	1190	1.351829e+01	998	3.489317e+01	68
9038		1.516656e+01	792	2.020038e+01	188	1.997431e+01	590
9045		3.571475e+00	2869	1.171840e+01	255	9.797758e+00	582
9080		3.962205e+01	3	9.798799e+00	2201	2.188819e+01	354
9081		2.229770e+01	49	3.892079e+01	4	1.547703e+01	3223
9145		4.886941e+00	1828	5.528096e+00	1271	1.602685e+01	194
9152		1.221631e+01	125	1.118446e+01	2341	2.205654e+01	233
9172		8.782474e+00	184	3.061560e+01	17	1.503797e+01	1211
9208		1.809593e+01	34	2.236553e+01	12	2.485157e+01	120
9216		8.512154e+00	405	8.068900e+00	678	4.271906e+01	19
9234		2.031388e+01	42	9.089557e+00	748	2.016230e+01	117
9244		1.491227e+01	312	1.086049e+01	2699	1.167848e+01	2211
9257		4.792765e+01	2	1.030154e+01	2155	5.003736e+01	11
9281		2.727324e+01	65	4.435064e+00	2719	1.965176e+01	81
9311		2.702539e+01	66	1.246024e+01	779	9.129990e+00	2304
9321		3.301020e+01	3	2.049184e+01	563	2.243503e+01	288
9326		4.230324e+01	4	1.600878e+01	2760	1.763536e+01	1653
9349		7.498068e+00	2128	1.580411e+01	370	3.024703e+01	175
9374		2.208022e+01	17	7.790167e+00	1849	1.067214e+01	2330
9381		7.643481e+00	782	8.440503e+00	1537	4.634730e+01	3
9405		4.975406e+00	2356	1.096330e+01	1860	1.598713e+01	533
9427		2.780394e+01	18	1.333930e+01	1088	1.747304e+01	2562
9438		1.992466e+01	109	9.339723e+00	2005	9.556983e+00	2940
9445		1.822743e+01	228	4.603954e+01	1	1.806181e+01	968
9447		2.947185e+01	29	7.382458e+00	2950	2.006658e+01	175
9457		1.209986e+01	293	8.927847e+00	1889	1.387726e+01	1015
9486		1.898902e+01	142	7.861887e+00	1865	2.308053e+01	114
9509		9.864592e+00	92	1.398591e+01	777	9.361414e+00	3481
9512		2.411244e+01	119	2.359263e+01	143	9.569968e+00	2140
9530		1.226714e+01	76	9.728863e+00	1476	2.278314e+01	239
9543		7.525825e+00	213	1.054926e+01	949	1.102137e+01	1195
9565		1.879987e+01	214	1.586643e+01	372	1.298437e+01	3626
9583		2.282983e+01	19	1.707885e+01	373	3.838368e+01	3
9611		4.803171e+00	632	2.152872e+01	47	1.180123e+01	1010
9617		1.879191e+01	257	2.625754e+01	38	3.120156e+01	82
9619		4.103086e+01	21	1.081962e+01	3001	1.086164e+01	2234
9622		1.829605e+01	22	1.465008e+01	619	1.565821e+01	605
9627		2.713484e+00	2003	3.247836e+00	3258	6.247092e+00	1484
9632		4.477272e+00	1068	2.852481e+01	17	7.357030e+00	1231
9634		1.618994e+01	188	9.459837e+00	2272	1.330380e+01	590
9646		5.879928e+00	1545	1.830764e+01	159	3.282545e+01	16
9657		4.478480e+00	1250	8.180061e+00	1483	7.587132e+00	990
9665		2.124868e+01	35	4.138001e+00	2451	1.376790e+01	363
9670		1.082527e+01	1358	1.594249e+01	453	2.195871e+01	181
9687		1.367449e+01	414	1.127635e+01	811	2.012687e+01	110
9756		2.401015e+01	42	8.095594e+00	709	9.974053e+00	1534
9778		1.500743e+01	262	1.598797e+01	442	1.296999e+01	2080
9782		9.352127e+00	1654	1.702539e+01	125	1.464452e+01	1601
9797		8.445576e+00	1529	1.811396e+01	542	1.441375e+01	1179
9801		2.002948e+01	169	1.604611e+01	278	1.762833e+01	418
9812		1.006253e+01	154	1.149639e+01	1073	1.998074e+01	128
9856		3.170182e+01	57	1.257331e+01	2113	1.412162e+01	1871
9879		7.749194e+00	287	4.276909e+00	2248	4.765720e+01	5
9890		2.714928e+00	1844	1.738860e+01	153	8.274621e+00	2029
9905		1.595383e+01	113	2.843470e+01	31	1.250463e+01	3362
9912		2.185889e+01	91	7.821285e+00	2403	4.374585e+01	7
9932		1.726376e+01	110	2.333834e+01	34	1.625832e+01	479
9939		9.827124e+00	1474	1.331172e+01	942	1.425717e+01	2088
9946		1.116964e+01	1319	8.402262e+00	3550	1.246012e+01	2059
9979		1.441935e+01	666	4.675047e+01	2	1.472059e+01	979
9995		6.429979e+00	1062	6.677181e+00	1254	8.790823e+00	1813
10018		3.769358e+01	2	9.883026e+00	1856	9.103092e+00	3008
10071		3.207159e+00	3140	1.682253e+01	290	6.565519e+00	3145
10075		1.869340e+01	40	1.156505e+01	1373	7.822294e+00	3122
10078		2.604754e+01	48	1.820940e+01	209	1.576105e+01	839
10081		1.084367e+01	238	9.541956e+00	518	6.546535e+00	3244
10088		1.970652e+01	161	1.156969e+01	1107	1.081139e+01	3687
10092		8.750932e+00	1802	8.720790e+00	2797	1.045207e+01	2238
10098		5.523911e+01	2	1.206495e+01	2357	1.419596e+01	1592
10101		9.020699e+00	1480	1.059388e+01	2499	1.473911e+01	2173
10126		1.161088e+01	231	7.217649e+00	1324	1.299353e+01	413
10128		1.531698e+01	366	2.951398e+01	47	1.279392e+01	1085
10157		5.189439e+00	336	7.578768e+00	3160	1.404713e+01	865
10194		1.661228e+01	156	1.213696e+01	2044	1.105508e+01	2664
10206		1.844918e+01	33	2.391877e+01	143	3.767726e+01	9
10218		6.100612e+00	591	1.524537e+01	570	9.815472e+00	2251
10254		1.351596e+01	110	9.732129e+00	731	1.679498e+01	536
10292		1.415582e+01	166	5.200618e+00	2396	1.972115e+01	91
10299		1.005718e+01	541	9.655289e+00	1202	1.384234e+01	1098
10302		9.765342e+00	315	3.314865e+01	19	1.411031e+01	373
10313		2.779477e+01	47	2.829659e+01	51	1.891216e+01	175
10329		6.761504e+00	644	1.038143e+01	449	1.205072e+01	399
10341		9.533520e+00	1487	2.145681e+01	359	2.575462e+01	95
10354		1.037551e+01	241	1.410040e+01	240	2.371475e+01	284
10366		3.075623e+01	228	5.767774e+01	1	4.302699e+01	53
10375		2.190913e+01	31	9.753578e+00	490	6.587421e+00	2662
10378		6.951680e+00	1393	2.076682e+01	79	6.717393e+00	2087
10394		4.654673e+00	2552	8.573196e+00	2551	2.839732e+01	58
10430		9.404161e+00	289	1.126086e+01	718	1.264258e+01	1831
10434		3.615454e+00	2023	6.231150e+00	1285	5.763317e+00	3539
10498		3.196215e+01	23	8.193048e+00	2246	8.945070e+00	3470
10534		9.394463e+00	1135	1.802592e+01	204	1.607858e+01	379
10561		3.923921e+00	3093	1.678047e+01	203	8.882970e+00	3531
10571		1.952150e+01	38	1.422164e+01	1410	1.887407e+01	346
10597		1.675666e+01	198	2.540510e+01	43	1.188133e+01	2555
10611		1.218461e+01	141	1.980452e+01	88	2.154267e+01	513
10624		5.607217e+00	1840	3.875372e+01	18	1.248282e+01	1088
10630		1.357944e+01	48	1.896627e+01	275	1.687878e+01	642
10651		9.599754e+00	658	1.631171e+01	274	1.947760e+01	630
10668		3.225271e+01	29	1.758662e+01	427	3.189216e+01	70
10690		2.057368e+01	225	3.521434e+01	51	3.130298e+01	115
10695		3.973234e+00	2411	4.350298e+00	3219	1.058864e+01	897
10719		4.156271e+01	1	8.310501e+00	3176	1.260965e+01	845
10737		5.513768e+00	1300	9.168283e+00	384	8.659525e+00	2998
10742		7.469262e+00	1619	1.163842e+01	1152	1.442873e+01	1361
10757		2.372491e+01	25	7.341468e+00	2110	3.527840e+01	18
10772		1.341352e+01	111	1.297254e+01	547	1.888989e+01	912
10773		2.770693e+01	62	1.044673e+01	1911	1.049369e+01	1636
10824		1.989204e+01	70	1.044349e+01	1732	1.291487e+01	873
10836		2.082174e+01	228	7.433890e+00	3152	2.359093e+01	220
10842		1.055340e+01	529	1.029485e+01	961	1.607984e+01	154
10860		7.373290e+00	838	1.531150e+01	149	1.364595e+01	1818
10871		1.028728e+01	733	7.101022e+00	2056	3.869673e+01	10
10897		9.783871e+00	545	7.898382e+00	672	7.016534e+00	2545
10977		3.501163e+01	6	3.600534e+01	32	2.078084e+01	331
10980		3.105083e+01	5	1.010435e+01	2671	1.463501e+01	1066
11002		7.116532e+00	3622	9.685082e+00	1949	2.291478e+01	214
11017		9.236666e+00	891	8.251904e+00	2529	6.573522e+00	3315
11019		7.635933e+00	2211	1.408325e+01	854	1.164932e+01	2267
11028		9.801857e+00	1157	2.038573e+01	780	1.203682e+01	2601
11039		4.480678e+01	1	1.664448e+01	1355	1.509253e+01	3167
11049		2.992044e+01	38	1.734910e+01	556	2.165623e+01	435
11050		9.946311e+00	395	2.154907e+01	95	7.850586e+00	2137
11088		1.472680e+01	93	1.542267e+01	488	2.400219e+01	404
11091		9.423136e+00	447	6.556809e+00	2570	1.426344e+01	409
11100		3.189274e+01	34	7.796078e+00	3187	1.624473e+01	838
11107		6.344317e+00	1012	1.171117e+01	342	6.217040e+00	1514
11147		4.282306e+00	3296	1.137531e+01	279	1.877831e+01	670
11159		1.630552e+01	274	2.924387e+01	112	1.482852e+01	1255
11178		2.097892e+01	23	6.085977e+00	3440	4.480735e+01	5
11186		1.500947e+01	22	1.763685e+01	2506	2.033373e+01	2177
11189		5.292160e+00	397	8.720807e+00	850	1.850060e+01	97
11194		1.258712e+01	355	1.072564e+01	894	1.559142e+01	1910
11213		1.087029e+01	339	7.889699e+00	3144	2.252380e+01	255
11230		2.301503e+01	94	1.439434e+01	491	8.467279e+00	2150
11245		4.985491e+00	1764	1.748240e+01	73	1.707571e+01	613
11248		2.722753e+00	2378	6.546593e+00	711	2.096316e+01	39
11261		2.275215e+01	47	1.453014e+01	632	1.374448e+01	1085
11275		7.163009e+00	434	1.596592e+01	111	1.917714e+01	360
11282		7.995821e+00	615	9.064554e+00	334	1.809184e+01	182
11284		1.534904e+01	85	2.208835e+01	57	1.372098e+01	1434
11289		3.541642e+00	1512	1.143411e+01	433	1.360437e+01	561
11301		2.244901e+01	78	2.491283e+01	74	1.270839e+01	2167
11302		9.716045e+00	2154	1.112322e+01	899	1.596462e+01	693
11303		5.548938e+01	1	2.698236e+01	133	1.233193e+01	3155
11361		1.227111e+01	153	9.169762e+00	3590	1.574704e+01	609
11363		6.560029e+00	660	1.615099e+01	766	8.337449e+00	3163
11370		8.014554e+00	873	1.371445e+01	1602	1.800443e+01	427
11390		2.923423e+01	28	1.665290e+01	1015	1.346637e+01	3550
11417		1.534008e+01	81	8.201434e+00	2719	1.213786e+01	1054
11453		4.505244e+01	5	7.190043e+00	1709	7.475547e+00	2192
11457		1.135759e+01	489	5.101026e+01	2	8.944924e+00	2257
11469		8.756311e+00	542	6.699420e+00	2332	2.214186e+01	392
11476		7.792729e+00	392	9.802305e+00	1360	1.462789e+01	329
11481		1.238035e+01	476	1.042635e+01	743	1.629695e+01	354
11493		4.419500e+00	2800	2.101024e+01	242	1.860303e+01	159
11506		8.021658e+00	946	2.646381e+01	36	1.654384e+01	381
11524		1.002286e+01	517	1.095538e+01	532	8.484782e+00	1343
11556		5.848049e+00	568	2.576631e+01	119	3.389914e+01	70
11584		1.988597e+01	73	1.429399e+01	337	1.680798e+01	327
11587		1.972837e+01	183	8.143417e+00	3049	2.784109e+01	92
11597		2.796322e+01	5	1.279234e+01	1025	1.618581e+01	958
11613		2.805194e+01	56	8.327221e+00	1260	1.802740e+01	378
11618		4.462767e+00	810	2.736794e+01	73	9.725593e+00	2650
11630		4.545655e+00	799	2.096970e+01	66	2.305358e+01	210
11657		4.595737e+00	745	5.220841e+00	1598	9.886707e+00	861
11688		7.572372e+00	242	1.795065e+01	422	1.997861e+01	222
11698		1.112777e+01	560	3.234539e+01	51	1.365388e+01	206
11728		2.668259e+01	80	1.864505e+01	237	1.380009e+01	2340
11729		1.693257e+01	173	1.453639e+01	128	3.422354e+01	28
11746		1.740074e+01	52	1.242189e+01	415	1.206831e+01	973
11748		2.498483e+01	43	2.665799e+01	27	1.175882e+01	3537
11774		2.791896e+00	3270	9.625081e+00	329	1.083773e+01	651
11783		1.965004e+01	22	1.629835e+01	619	1.896880e+01	605
11788		1.233928e+01	129	1.436452e+01	2070	2.572268e+01	104
11795		2.836415e+01	43	1.240321e+01	933	2.066381e+01	176
11810		5.600168e+00	2573	1.665622e+01	208	9.859840e+00	1626
11812		6.377235e+00	1058	2.945414e+01	98	1.225136e+01	1101
11882		4.725844e+01	1	9.796695e+00	2589	2.395406e+01	172
11904		1.821639e+01	56	1.560278e+01	714	3.088856e+01	23
11949		3.259238e+01	12	6.219666e+00	2065	1.708488e+01	205
11986		9.951464e+00	803	2.925329e+01	56	3.045903e+01	59
12013		2.492818e+01	242	1.097142e+01	920	3.878786e+01	2
12023		2.023635e+01	138	9.499858e+00	2768	9.977491e+00	3290
12027		1.517191e+01	94	9.592193e+00	512	1.186324e+01	1456
12029		1.203896e+01	259	1.419315e+01	288	1.132042e+01	1038
12034		2.299007e+01	35	2.120406e+01	254	4.039068e+01	5
12059		1.006533e+01	457	1.630338e+01	192	1.413869e+01	810
12112		3.177055e+01	18	1.768274e+01	378	1.053577e+01	717
12152		8.647850e+00	1075	1.999574e+01	92	5.652733e+00	3461
12169		1.845556e+01	118	1.216564e+01	3204	2.789813e+01	72
12189		1.018453e+01	224	5.093276e+00	1793	1.655568e+01	277
12211		1.097314e+01	134	1.783507e+01	639	1.586201e+01	1703
12280		2.143148e+01	65	1.435738e+01	1054	1.946446e+01	432
12389		1.756070e+01	718	1.543978e+01	910	2.679446e+01	58
12403		6.058602e+00	281	6.450658e+00	3201	1.216658e+01	924
12425		4.767743e+00	2995	8.557234e+00	2999	5.777997e+01	5
12445		1.652192e+01	28	1.485123e+01	808	1.517952e+01	2579
12455		3.186675e+01	43	1.336246e+01	1538	6.226388e+01	21
12488		7.472212e+00	328	9.768632e+00	3524	1.188939e+01	2159
12511		7.704402e+00	1602	7.084585e+00	2539	1.257758e+01	993
12518		1.190005e+01	245	1.050474e+01	858	5.429722e+01	1
12520		4.449886e+01	3	2.437493e+01	13	7.643577e+00	3056
12556		3.641262e+01	6	1.019813e+01	866	1.396596e+01	1055
12558		1.404655e+01	84	2.286548e+01	122	1.214403e+01	2440
12580		1.088273e+01	564	1.993501e+01	85	1.362722e+01	1057
12581		4.250500e+01	14	1.378109e+01	666	1.263343e+01	2014
12615		5.509759e+00	2237	2.757931e+01	19	1.031409e+01	373
12641		1.170947e+01	595	1.068979e+01	822	9.901039e+00	2466
12680		3.526659e+01	1	1.254127e+01	3156	4.670899e+01	8
12742		4.496989e+00	1939	2.107000e+01	122	1.993186e+01	309
12745		8.810138e+00	492	1.117355e+01	2158	2.573521e+01	239
12747		1.823015e+01	59	9.301979e+00	1430	1.003102e+01	2683
12764		1.027708e+01	174	8.909543e+00	499	8.103375e+00	2030
12767		1.118098e+01	432	5.863516e+00	985	8.293799e+00	1790
12780		1.675464e+01	17	5.808164e+01	1	2.317534e+01	1326
12810		5.509608e+00	2131	1.168203e+01	488	1.347700e+01	370
12825		8.856716e+00	441	5.801552e+00	1432	5.568902e+00	2308
12830		4.635823e+01	3	1.670254e+01	232	7.436172e+00	3097
12843		2.114198e+00	2561	1.768148e+01	59	6.924037e+00	2465
12852		2.420264e+01	22	1.759559e+01	196	1.175883e+01	2613
12864		6.995272e+00	312	1.432767e+01	348	1.151721e+01	984
12873		7.490113e+00	894	1.390804e+01	258	9.200881e+00	3009
12900		3.751447e+01	1	2.680625e+01	49	4.990297e+01	4
12908		2.568006e+01	30	1.888631e+01	112	2.569282e+01	67
12928		2.510216e+01	6	9.870035e+00	3690	1.720263e+01	2328
12988		2.627765e+01	5	1.205676e+01	3037	1.544410e+01	1594
12994		1.128395e+01	149	1.726960e+01	299	2.531770e+01	180
13013		3.022236e+01	1	1.615218e+01	2280	4.383422e+01	49
13028		1.058927e+01	455	1.389209e+01	778	1.075455e+01	1306
13049		1.040939e+01	290	1.021227e+01	2321	2.671222e+01	28
13054		2.301501e+01	80	2.703442e+01	196	1.232785e+01	1796
13066		2.908027e+01	68	1.470229e+01	555	1.417169e+01	1434
13072		9.570094e+00	266	4.378412e+01	5	8.430645e+00	1691
13096		2.189097e+01	17	1.983254e+01	229	1.111325e+01	2515
13139		1.056674e+01	1260	3.208141e+01	56	1.802710e+01	378
13144		4.388987e+00	873	2.760691e+01	70	1.416579e+01	3412
13158		1.487690e+01	245	7.468931e+00	2500	1.814863e+01	469
13164		2.906569e+01	45	2.065814e+01	167	2.306396e+01	179
13189		1.699314e+01	95	9.443704e+00	1505	1.350436e+01	485
13200		1.260517e+01	97	1.662762e+01	598	1.515486e+01	2090
13210		7.818902e+00	2709	3.441876e+01	50	4.057702e+01	24
13221		8.999435e+00	859	1.558907e+01	574	5.393879e+01	24
13237		1.266885e+01	454	3.541539e+01	12	2.384251e+01	299
13267		2.270259e+01	41	1.234866e+01	378	1.381279e+01	773
13268		1.712699e+01	38	1.468130e+01	1125	2.022653e+01	2866
13289		2.405973e+01	133	1.328236e+01	1372	2.649526e+01	75
13296		1.682102e+01	69	1.532517e+01	191	1.527801e+01	3512
13342		9.838722e+00	1881	2.407629e+01	274	2.756295e+01	67
13351		1.841200e+00	3475	1.033402e+01	1056	7.255099e+00	2553
13355		1.566073e+01	40	1.191214e+01	856	8.774916e+00	3658
13379		4.604841e+00	1684	8.621122e+00	673	1.221588e+01	280
13380		7.488128e+00	2334	4.008134e+01	7	2.591725e+01	42
13389		2.430690e+01	6	1.683748e+01	2328	1.886106e+01	3696
13391		1.592501e+01	200	2.234858e+01	70	1.417501e+01	880
13415		7.731757e+00	2499	1.159084e+01	1415	1.284591e+01	830
13469		6.028073e+00	329	8.666826e+00	1795	9.983635e+00	1360
13473		2.422293e+01	18	1.069097e+01	2562	1.286803e+01	2250
13539		2.052638e+01	29	1.409954e+01	913	1.366516e+01	2225
13594		1.220791e+01	150	1.193203e+01	404	1.042487e+01	1234
13597		9.181325e+00	1011	1.432796e+01	283	1.723783e+01	105
13640		7.779028e+00	668	5.648668e+00	3000	1.341793e+01	653
13644		3.518333e+01	24	8.955104e+00	571	1.440674e+01	1342
13659		8.100011e+00	348	7.656142e+00	1773	1.551494e+01	312
13683		1.819926e+01	189	3.346079e+01	19	9.607602e+00	2142
13688		3.125444e+01	68	1.349929e+01	1100	1.767071e+01	555
13691		1.982906e+01	244	9.705233e+00	1522	1.096049e+01	426
13699		1.285674e+01	44	1.368418e+01	1203	2.077137e+01	1004
13707		1.961737e+01	82	1.155776e+01	3084	2.161716e+01	288
13710		9.109785e+00	352	7.086948e+00	1823	7.763896e+00	2637
13727		1.489725e+01	463	3.518209e+01	30	1.878926e+01	532
13738		6.796211e+00	926	3.104715e+01	6	2.315640e+01	228
13740		1.657166e+01	137	8.534751e+00	3318	3.438276e+01	35
13774		8.202683e+00	920	2.307524e+01	242	4.144858e+01	2
13787		1.200536e+01	244	7.988615e+00	2839	1.959987e+01	271
13790		9.642564e+00	837	1.381232e+01	844	1.064280e+01	3544
13799		2.758400e+01	16	3.902029e+01	4	1.233867e+01	1777
13822		3.028719e+01	9	1.319659e+01	3456	3.206962e+01	169
13832		5.181143e+00	321	8.939012e+00	983	1.055237e+01	3591
13837		4.178575e+01	1	1.062852e+01	896	5.996675e+01	4
13849		1.070750e+01	594	1.306793e+01	207	7.788548e+00	1000
13887		3.325682e+01	1	7.953375e+00	2280	1.379430e+01	1724
13888		8.898891e+00	1104	1.115805e+01	604	5.811782e+01	1
13942		6.055828e+00	1179	8.002048e+00	1529	1.770367e+01	565
13959		1.737908e+01	260	3.729083e+01	6	1.533684e+01	684
13983		1.751693e+01	103	1.037802e+01	1002	1.752933e+01	775
14006		8.419602e+00	2890	1.078420e+01	1556	1.023856e+01	2595
14040		4.797871e+01	5	9.486234e+00	2250	3.457178e+01	18
14047		2.765752e+01	5	8.277016e+00	2542	1.469845e+01	1748
14048		2.401309e+01	37	1.535925e+01	265	9.770985e+00	3272
14051		6.680991e+00	3063	3.079494e+01	23	9.361608e+00	3449
14054		1.714524e+01	238	7.969140e+00	3280	2.379220e+01	104
14073		7.233188e+00	1396	2.244244e+01	106	2.081575e+01	320
14093		2.720716e+01	7	2.324335e+01	118	1.712763e+01	1435
14118		8.812966e+00	790	3.778051e+00	1746	7.737515e+00	2436
14182		9.956665e+00	1617	1.339484e+01	1263	2.731735e+01	80
14185		4.068241e+01	15	9.119498e+00	2954	7.963394e+00	3308
14201		3.825529e+01	1	2.625679e+01	135	3.845371e+01	8
14205		3.013059e+01	28	1.446949e+01	1015	1.471638e+01	1253
14223		9.992312e+00	508	1.251095e+01	251	1.304569e+01	357
14227		8.023460e+00	505	6.184426e+00	3251	1.022757e+01	1677
14234		8.167488e+00	237	8.501501e+00	2775	9.302831e+00	2776
14259		1.906318e+01	22	1.636000e+01	196	1.720108e+01	2613
14278		2.832848e+00	2618	5.489712e+00	1217	1.527341e+01	640
14299		5.976514e+00	1677	9.469238e+00	1278	1.452962e+01	390
14302		7.106188e+00	740	1.858659e+01	127	1.072040e+01	530
14332		3.535650e+00	3599	2.368182e+01	57	2.714024e+01	77
14338		4.466968e+00	1617	8.969763e+00	1263	1.460267e+01	338
14352		1.418441e+01	287	9.794854e+00	2248	1.549363e+01	652
14361		1.896039e+01	24	9.565919e+00	2714	2.266910e+01	108
14381		2.970283e+01	7	1.272578e+01	424	2.811990e+01	15
14385		8.511352e+00	246	1.520012e+01	230	1.581557e+01	690
14386		6.090638e+00	967	1.040075e+01	371	1.409910e+01	1248
14388		2.022584e+01	36	8.256650e+00	2809	1.083629e+01	3419
14393		2.095994e+01	40	1.200934e+01	729	1.677498e+01	372
14470		4.367748e+00	1107	1.332137e+01	848	1.176321e+01	877
14476		5.018347e+00	3341	2.322679e+01	109	1.930780e+01	73
14489		3.541304e+01	36	9.209616e+00	1142	1.755229e+01	520
14551		1.921293e+01	104	7.188767e+00	1850	2.692814e+01	238
14572		1.576306e+01	52	2.067681e+01	116	1.135574e+01	657
14597		1.012672e+01	210	1.857777e+01	66	2.829656e+01	36
14621		3.860587e-01	3656	2.603637e+00	3662	7.068462e+00	712
14624		2.498519e+01	29	1.611148e+01	2765	2.883651e+01	200
14632		1.423208e+01	874	7.453064e+00	3472	2.446151e+01	114
14651		9.316864e+00	456	1.087135e+01	342	8.310375e+00	1959
14659		2.103101e+01	75	9.171419e+00	1554	2.311462e+01	203
14701		3.390403e+01	2	7.560380e+00	2800	9.853738e+00	3398
14728		2.401822e+01	42	1.012083e+01	709	8.183586e+00	2750
14740		4.513070e+00	1425	2.130937e+01	109	2.259430e+01	64
14760		1.636605e+01	135	3.011325e+01	8	6.130130e+00	3143
14796		1.843508e+01	313	1.381481e+01	3582	1.690382e+01	1553
14809		2.127700e+01	78	2.160322e+01	307	1.927181e+01	487
14819		3.979283e+01	3	1.804572e+01	362	1.799125e+01	1940
14828		7.535319e+00	1632	1.204029e+01	460	9.448032e+00	3226
14859		2.473223e+01	23	3.072246e+01	35	1.287596e+01	2806
14873		1.119898e+01	851	7.628578e+00	2122	8.100899e+00	1992
14876		2.735138e+01	12	2.133053e+01	34	1.230321e+01	900
14899		8.780318e+00	996	1.083361e+01	275	1.392771e+01	701
14907		1.428455e+01	346	1.000621e+01	2268	3.929447e+01	26
14926		6.653749e+00	3000	1.414015e+01	668	1.599810e+01	653
14989		1.760896e+01	208	7.766373e+00	2490	3.103928e+01	24
14990		2.676923e+01	16	4.632339e+01	4	1.346271e+01	1799
14997		3.240585e+01	5	8.978751e+00	2542	9.874194e+00	2048
15014		1.662096e+01	293	1.966443e+01	151	1.600407e+01	1521
15028		3.055569e+01	51	2.584566e+01	225	1.627848e+01	2408
15037		8.199828e+00	356	4.208340e+01	10	2.071598e+01	674
15072		5.216876e+01	8	9.340042e+00	2064	1.380385e+01	699
15077		6.777849e+00	683	5.443558e+00	3637	9.143748e+00	1333
15093		5.585963e+00	2290	8.683744e+00	1186	1.225668e+01	449
15102		1.522441e+01	146	7.417356e+00	1016	9.491459e+00	3665
15121		6.068648e+00	1595	7.481294e+00	763	3.218812e+01	136
15130		6.405872e+00	1142	3.788221e+01	36	1.631096e+01	520
15137		1.380077e+01	397	2.355142e+01	126	8.070240e+00	3378
15154		6.565512e+00	1041	2.199852e+01	18	1.258683e+01	1836
15180		2.709024e+01	15	2.782983e+01	48	1.853703e+01	101
15187		4.775157e+01	11	1.431818e+01	724	5.179597e+01	2
15236		2.439999e+01	25	7.246606e+00	1983	1.742732e+01	153
15252		6.565667e+00	2490	2.114726e+01	208	2.838253e+01	24
15287		2.645842e+01	72	2.146853e+01	387	1.458307e+01	839
15372		9.456236e+00	2102	1.872801e+01	191	1.066356e+01	2019
15379		9.616140e+00	2016	1.988161e+01	284	2.216715e+01	679
15460		5.856816e+00	955	2.099855e+01	96	8.951600e+00	3032
15488		1.186370e+01	405	1.359409e+01	523	1.228389e+01	401
15489		2.314553e+01	22	1.069912e+01	196	1.213875e+01	1933
15503		2.502121e+01	10	1.003540e+01	1026	1.366762e+01	1563
15515		2.266101e+01	35	3.491926e+01	5	1.100827e+01	2451
15529		1.176295e+01	727	3.776361e+01	60	1.428158e+01	2742
15542		2.024674e+01	52	1.633284e+01	305	3.384488e+01	9
15554		1.208288e+01	384	1.291615e+01	1300	8.473314e+00	2998
15604		4.871864e+01	3	1.127236e+01	2470	1.966430e+01	232
15609		2.106969e+01	93	5.627659e+00	2189	8.419126e+00	2626
15644		3.098064e+01	4	1.798638e+01	2968	2.980132e+01	101
15651		1.058011e+01	405	5.829675e+00	3010	6.486479e+00	3368
15659		3.263591e+00	2527	8.248898e+00	539	1.685140e+01	722
15663		3.823178e+00	1569	1.017804e+01	1391	2.557592e+01	206
15699		2.515519e+00	1441	9.284282e+00	749	6.762884e+00	2791
15705		9.421240e+00	158	8.806702e+00	1257	1.120977e+01	3358
15730		1.730648e+01	593	3.303968e+01	75	1.072109e+01	3582
15746		9.384335e+00	463	1.297411e+01	174	2.318343e+01	83
15796		9.122579e+00	2128	2.884962e+01	175	2.275254e+01	215
15804		1.457044e+01	51	1.124043e+01	1006	2.951709e+01	22
15833		1.678381e+01	97	1.512003e+01	2981	2.008217e+01	915
15835		6.663245e+00	2311	6.751663e+00	1840	1.273067e+01	995
15855		1.231314e+01	142	2.022644e+01	130	1.169522e+01	3439
15868		1.354551e+01	125	1.263002e+01	1654	2.458800e+01	93
15870		2.320292e+01	53	2.983932e+01	135	1.088925e+01	2491
15872		3.221538e+01	9	1.961573e+01	795	3.070543e+01	52
15910		2.900990e+01	6	1.964009e+01	1067	2.192753e+01	692
15941		1.457299e+01	93	5.402591e+00	2430	1.541917e+01	233
15964		2.258718e+01	78	7.430760e+00	3668	1.896002e+01	307
16008		1.106914e+01	183	3.183437e+01	62	5.289112e+00	3067
16014		1.413966e+01	82	7.711342e+00	2472	1.100563e+01	1339
16058		1.801378e+01	30	1.554963e+01	2222	2.583412e+01	1179
16097		2.709794e+01	34	1.747644e+01	838	1.304278e+01	3187
16101		6.278714e+00	1751	1.300481e+01	241	2.110007e+01	240
16140		4.029307e+00	3506	1.052660e+01	489	1.412838e+01	263
16146		1.097271e+01	1600	1.317666e+01	460	1.095403e+01	2219
16157		1.207843e+01	296	1.439500e+01	453	1.455626e+01	347
16158		3.617320e+01	20	1.079380e+01	321	1.372286e+01	983
16159		2.165528e+00	2108	1.030065e+01	486	9.928582e+00	1596
16177		1.908742e+01	58	1.425311e+01	1521	1.755292e+01	994
16233		2.115695e+01	28	1.448349e+01	290	1.623685e+01	2163
16249		7.741352e+00	395	1.484910e+01	587	1.170572e+01	821
16274		2.643172e+00	1186	1.338389e+01	314	6.413718e+00	2290
16387		9.249242e+00	245	5.333938e+01	1	1.649512e+01	228
16407		1.837866e+01	60	2.558827e+01	160	1.461281e+01	1532
16428		1.920379e+01	29	7.858628e+00	1656	2.904712e+01	67
16432		6.778092e+00	873	1.200052e+01	3001	2.843119e+01	70
16436		3.296359e+01	10	2.541251e+01	54	1.125952e+01	3435
16486		7.168822e+00	1007	1.035789e+01	408	7.224210e+00	2834
16500		1.415571e+01	120	1.537981e+01	390	1.597072e+01	1063
16501		4.888407e+00	1054	6.507362e+00	2719	3.507190e+01	65
16549		3.955180e+01	6	1.267433e+01	630	1.357310e+01	866
16551		1.862043e+01	107	3.681907e+01	7	2.100232e+01	128
16558		3.284463e+00	3599	6.940019e+00	1390	2.359615e+01	77
16570		8.412254e+00	971	5.850191e+00	2021	2.424549e+01	54
16579		8.858652e+00	802	1.284436e+01	885	1.134040e+01	1655
16618		1.542209e+01	262	2.037643e+01	34	6.738790e+00	2333
16627		3.759189e+01	4	1.502454e+01	495	1.187673e+01	1797
16665		3.249585e+01	1	1.557005e+01	3156	2.111191e+01	696
16672		1.075344e+01	142	1.486862e+01	3472	2.382509e+01	130
16676		1.286629e+01	82	1.071002e+01	3549	1.294578e+01	2472
16736		5.429404e+00	1968	3.022791e+01	126	4.470381e+01	5
16757		2.035009e+01	72	1.868200e+01	248	3.711484e+01	118
16765		5.850953e+00	1032	1.619918e+01	287	1.890923e+01	266
16768		3.326578e+00	1978	1.042711e+01	1071	2.946699e+01	11
16780		1.304518e+01	86	1.226767e+01	1628	1.610133e+01	481
16784		4.199255e+01	5	4.766231e+00	2190	1.145501e+01	144
16857		9.307309e+00	352	2.351570e+01	177	1.138606e+01	2435
16869		2.316600e+01	25	9.160721e+00	1352	1.916390e+01	186
16921		1.601799e+01	260	3.265167e+01	32	3.243884e+01	125
16951		1.801790e+01	52	2.336256e+01	116	7.670555e+00	2303
16999		2.213857e+01	26	7.320273e+00	544	1.054135e+01	726
17001		1.894014e+01	64	1.426644e+01	368	2.165436e+01	268
17017		4.388047e+01	1	3.783170e+00	2324	1.955481e+01	172
17040		2.506912e+01	148	2.258273e+01	345	2.022568e+01	195
17054		1.038541e+01	721	8.313622e+00	1998	2.436309e+01	129
17064		1.817944e+01	31	1.117102e+01	1336	1.991878e+01	470
17095		2.629481e+00	2791	2.388615e+00	2646	9.020441e+00	1441
17106		1.725824e+01	34	1.636719e+01	262	1.038652e+01	2605
17121		1.914301e+01	531	1.576095e+01	464	1.387721e+01	2352
17143		3.187340e+01	135	2.514620e+01	53	7.623135e+00	2491
17159		1.693827e+01	359	1.062102e+01	1824	1.247507e+01	506
17167		5.487702e+00	1743	1.410012e+01	760	2.921214e+01	64
17195		8.804261e+00	681	7.552231e+00	1663	1.508371e+01	257
17197		4.883602e+00	814	3.670130e+01	3	9.384105e+00	2095
17208		4.042367e+01	4	1.042695e+01	596	2.054085e+01	129
17220		1.417339e+01	97	1.433550e+01	464	1.050157e+01	2352
17224		1.296005e+01	104	2.014073e+01	129	1.384520e+01	1470
17236		1.059554e+01	271	1.475707e+01	203	2.192117e+01	199
17242		5.873387e+00	376	8.487904e+00	1948	1.345357e+01	1445
17256		1.350404e+01	236	9.230405e+00	2630	9.446921e+00	2965
17263		1.549054e+01	33	3.072706e+01	30	1.680196e+01	3302
17286		1.911251e+01	66	2.271219e+01	121	1.167350e+01	1549
17301		5.817373e+00	1817	8.164326e+00	2327	1.832090e+01	227
17323		9.695413e+00	770	3.561603e+01	17	8.687595e+00	1819
17343		1.627943e+01	60	8.965673e+00	1512	1.307984e+01	433
17361		4.215951e+00	2471	5.091742e+00	3552	1.342835e+01	323
17369		1.477248e+01	175	2.546940e+01	47	1.769023e+01	366
17401		9.202066e+00	307	2.307869e+01	78	1.187614e+01	2587
17460		1.896249e+01	66	9.453292e+00	1917	2.915910e+01	36
17465		2.959345e+01	8	2.072429e+01	326	1.910317e+01	1093
17484		1.125295e+01	229	6.704031e+00	2611	3.910848e+01	17
17503		5.951535e+00	779	7.768402e+00	967	1.357180e+01	371
17525		2.616320e+00	1337	9.064038e+00	501	8.825670e+00	1861
17539		1.722497e+01	150	3.505808e+01	35	3.200046e+01	70
17547		2.834321e+00	2317	7.219305e+00	1204	8.796108e+00	1045
17601		5.613021e+01	4	7.529703e+00	2521	1.142989e+01	883
17612		1.199337e+01	249	1.522137e+01	531	1.788786e+01	356
17630		1.563188e+01	125	1.881518e+01	93	1.342311e+01	852
17650		5.095870e+00	2119	1.811672e+01	127	6.732028e+00	3660
17657		2.324946e+01	12	7.481552e+00	406	2.021579e+01	205
17660		1.068449e+01	451	9.711822e+00	1229	7.405888e+00	2901
17683		1.783100e+01	190	6.419222e+00	1029	1.140910e+01	2178
17704		1.296380e+01	153	1.602455e+01	402	1.851889e+01	481
17707		2.302257e+00	1802	6.215932e+00	2797	1.234054e+01	1426
17723		9.384172e+00	316	1.237965e+01	1285	1.195970e+01	3539
17724		2.403686e+01	28	1.665359e+01	502	2.835082e+01	290
17767		8.223023e+00	1646	6.724531e+00	3128	7.065783e+00	3130
17812		3.898161e+01	3	1.791220e+01	193	1.900693e+01	1153
17882		1.072155e+01	81	3.081491e+01	65	1.363679e+01	1214
17901		1.160460e+01	1203	1.494248e+01	1004	2.730962e+01	44
17984		2.380355e+01	75	4.299998e+01	27	1.023209e+01	1136
18024		1.555444e+01	149	9.946550e+00	509	1.756947e+01	527
18033		6.542374e+00	625	7.695059e+00	1661	3.337010e+01	11
18048		9.694357e+00	81	3.553365e+01	65	1.314400e+01	2719
18107		7.440055e+00	1222	9.690400e+00	738	1.135629e+01	826
18109		1.325869e+01	137	1.250557e+01	2003	1.223554e+01	2187
18112		2.560502e+01	38	1.174803e+01	1492	1.805846e+01	681
18141		3.655691e+01	1	7.244135e+00	1758	2.255463e+01	49
18149		2.952375e+01	37	1.517115e+01	2340	1.586550e+01	1617
18150		1.400769e+01	364	1.173387e+01	554	1.222044e+01	178
18175		1.839265e+01	25	5.568158e+00	2486	1.992400e+01	26
18181		1.427263e+01	474	1.253575e+01	1256	9.919206e+00	2787
18218		1.536407e+01	783	2.549951e+01	97	2.193038e+01	358
18224		1.163904e+01	192	1.322119e+01	282	1.040330e+01	3416
18282		1.046501e+01	281	2.410929e+01	125	1.722950e+01	924
18306		7.182904e+00	1713	1.976622e+01	293	4.035343e+01	20
18317		2.016261e+01	157	1.246130e+01	2174	1.910169e+01	901
18326		2.207917e+01	109	1.384380e+01	575	8.662027e+00	2989
18338		5.261693e+00	1109	9.052946e+00	878	5.423043e+00	2929
18367		8.572292e+00	371	1.346253e+01	967	1.125410e+01	1640
18438		1.023698e+01	348	1.786621e+01	161	1.335366e+01	312
18444		1.338992e+01	37	1.592671e+01	611	4.232421e+01	24
18457		5.099119e+00	1789	3.146174e+01	24	1.356570e+01	1083
18461		1.227908e+01	2604	1.275554e+01	2332	2.379210e+01	392
18505		2.877238e+01	35	9.494357e+00	2428	1.182162e+01	1544
18517		2.991789e+00	3020	3.173771e+01	19	5.947949e+00	3384
18609		4.791006e+00	2069	9.722781e+00	708	7.166261e+00	2217
18637		1.008342e+01	1464	8.823118e+00	3474	3.606873e+01	5
18666		7.339044e+00	2677	4.991275e+01	2	2.267619e+01	136
18668		1.548785e+01	136	1.757219e+01	380	3.891493e+01	2
18676		1.353461e+01	1821	3.024545e+01	30	2.984238e+01	64
18727		3.329974e+01	35	2.384978e+01	150	4.304253e+01	23
18736		1.903292e+01	148	9.429236e+00	2702	1.571012e+01	1334
18756		2.988820e+01	30	2.065182e+01	463	2.076298e+01	532
18767		6.040970e+01	3	7.575663e+00	2015	1.144302e+01	2665
18783		6.812452e+00	1234	2.071333e+01	93	2.511439e+01	63
18784		6.697141e+00	2317	1.158157e+01	1045	1.043634e+01	1204
18801		3.535454e+01	25	1.071822e+01	544	5.652836e+00	2210
18823		2.017514e+01	68	2.632841e+01	191	1.010596e+01	2842
18841		1.406630e+01	119	5.596266e+00	2652	2.225515e+01	194
18856		1.085047e+01	1030	1.176948e+01	1138	2.433984e+01	31
18866		2.862564e+01	28	1.963936e+01	290	1.388034e+01	1015
18926		3.017819e+01	65	3.893668e+01	82	1.423723e+01	2319
18946		2.417975e+01	141	1.277129e+01	513	2.001287e+01	104
18957		6.540493e+00	869	2.928845e+01	15	1.241759e+01	1033
18974		2.860738e+01	19	1.089768e+01	3377	1.319902e+01	1562
19028		2.751883e+01	6	1.836999e+01	260	1.229767e+01	1164
19039		1.140646e+01	1218	2.429330e+01	171	1.412829e+01	2243
19041		1.494786e+01	187	1.214804e+01	318	1.419285e+01	375
19086		1.540463e+01	187	2.687598e+01	86	1.671147e+01	272
19087		2.689051e+01	10	2.520144e+01	54	1.633342e+01	733
19103		2.059573e+01	881	2.367244e+01	531	1.148138e+01	2811
19134		1.156594e+01	331	3.319394e+01	32	6.947398e+00	2763
19150		3.054257e+01	5	1.385924e+01	1025	2.168866e+01	1689
19172		1.889302e+01	145	4.207057e+00	2962	2.995195e+01	33
19200		2.278283e+01	19	6.182565e+00	2301	1.279624e+01	814
19201		9.316635e+00	1868	1.544498e+01	764	1.055298e+01	742
19237		1.675741e+01	126	1.652075e+01	317	2.718550e+01	58
19295		1.850548e+00	2507	1.147775e+01	396	1.127010e+01	1224
19307		2.072462e+01	256	7.338788e+00	1973	3.289341e+01	14
19312		2.932763e+01	39	2.295252e+01	50	1.033295e+01	3607
19313		9.530717e+00	2025	1.385457e+01	612	3.543117e+01	20
19327		5.572845e+00	1016	5.771682e+00	3153	1.376248e+01	478
19336		4.013452e+00	899	2.654778e+01	56	1.080152e+01	693
19362		8.437446e+00	2025	1.755338e+01	612	2.505379e+01	205
19387		1.750456e+01	70	2.219024e+01	200	3.298312e+01	29
19396		1.574790e+01	764	1.319845e+01	232	1.154049e+01	906
19426		2.612283e+01	11	1.546373e+01	1976	2.054398e+01	444
19466		2.701891e+01	19	9.079604e+00	2231	1.209782e+01	1965
19511		1.122581e+01	110	2.501130e+01	34	1.803776e+01	262
19526		5.622506e+00	1292	3.640122e+01	14	1.283393e+01	625
19536		1.223698e+01	129	9.521422e+00	1230	9.045037e+00	2744
19554		8.302994e+00	365	1.815024e+01	75	9.299757e+00	3569
19589		2.040913e+01	44	3.541658e+01	23	1.300565e+01	2199
19608		5.551502e+01	4	1.584004e+01	550	1.380636e+01	644
19629		1.463972e+01	335	1.264074e+01	1400	1.578818e+01	1266
19651		3.821111e+01	43	2.884979e+01	56	2.603616e+01	303
19701		1.186653e+01	965	1.306632e+01	411	2.371780e+01	188
19789		8.960878e+00	1553	1.460020e+01	2691	1.839156e+01	1397
19820		1.242619e+01	38	2.675461e+01	1410	2.619487e+01	1663
19853		6.964162e+00	1190	1.395475e+01	998	1.197974e+01	2468
19885		3.797265e+01	1	3.708829e+01	17	1.340070e+01	770
19935		9.037553e+00	838	1.539377e+01	347	1.306786e+01	2220
19950		1.874315e+00	3348	1.669403e+01	35	1.246302e+01	150
19987		2.205682e+01	87	2.152824e+01	162	1.570141e+01	723
19989		3.232646e+01	57	1.242412e+01	875	1.013907e+01	2477
20003		1.058642e+01	3360	1.625925e+01	1291	1.477692e+01	1330
20016		1.248609e+01	450	1.022171e+01	1414	1.164432e+01	752
20132		3.719351e+01	3	2.200441e+01	362	1.776184e+01	2241
20136		5.396117e+00	622	1.052122e+01	1352	8.993149e+00	3166
20137		2.429040e+01	24	1.817721e+01	611	3.602420e+01	37
20198		1.683681e+01	218	1.282388e+01	1421	1.694396e+01	230
20230		3.314435e+01	18	2.320773e+01	56	1.074465e+01	1735
20252		1.458235e+01	156	1.924991e+01	119	2.033983e+01	143
20259		1.669469e+01	159	3.525504e+01	2	1.269299e+01	3349
20277		1.462736e+01	1351	1.568649e+01	734	1.537269e+01	667
20321		1.863288e+01	126	1.542211e+01	165	1.656973e+01	152
20325		2.637485e+01	47	1.607405e+01	175	3.219974e+01	51
20358		2.206286e+01	218	1.899395e+01	181	1.628518e+01	757
20402		8.248127e+00	685	5.908424e+00	3133	6.431237e+00	2169
20409		3.432538e+01	3	2.378941e+01	362	1.902690e+01	1940
20428		5.554371e+00	2036	2.141682e+01	125	1.685414e+01	1654
20445		3.409396e+01	75	1.827901e+01	715	1.472874e+01	2377
20515		4.857901e+00	1882	9.445831e+00	1707	9.214445e+00	2643
20517		2.201364e+01	57	2.707642e+01	39	2.636145e+01	50
20593		1.582599e+01	290	7.207468e+00	2321	7.984303e+00	2322
20594		8.745354e+00	591	6.315008e+00	2251	1.015751e+01	2557
20596		3.199223e+01	68	2.044049e+01	251	1.691660e+01	1100
20603		6.985297e+00	1401	7.847715e+00	1100	1.755051e+01	251
20610		2.226415e+01	102	1.288328e+01	289	9.032595e+00	2641
20616		3.860249e+00	654	9.536853e+00	3436	2.061437e+01	374
20622		8.094618e+00	1430	2.780130e+01	59	4.800176e+01	43
20659		1.332779e+01	314	1.097913e+01	3215	1.355671e+01	1150
20707		4.437410e+00	859	1.648216e+01	574	2.296716e+01	160
20738		1.429871e+01	171	2.431754e+01	63	1.468211e+01	2298
20788		5.734307e+00	2100	1.231835e+01	241	2.472214e+01	52
20820		5.989842e+00	1577	4.611190e+01	1	1.003024e+01	1355
20825		1.523856e+01	368	2.505226e+01	64	8.030137e+00	2343
20872		5.033939e+01	1	3.168068e+01	196	1.355504e+01	2613
20926		7.086742e+00	962	3.770079e+01	4	1.035460e+01	1230
20949		2.623912e+01	16	4.106586e+01	14	2.202572e+01	226
21006		1.572900e+01	224	1.292403e+01	883	2.299552e+01	42
21010		1.772345e+01	56	1.262355e+01	899	3.687657e+01	18
21056		1.781100e+01	26	3.356807e+00	3633	1.219181e+01	726
21061		4.063642e+01	4	1.234885e+01	1878	1.260660e+01	2942
21093		2.121224e+01	33	8.040363e+00	736	2.360721e+01	145
21117		2.025451e+01	70	3.003138e+01	150	2.118608e+01	873
21130		4.416772e+01	5	1.766681e+01	194	9.129318e+00	2999
21223		1.997682e+01	53	9.524331e+00	818	1.410885e+01	528
21228		2.434440e+01	24	1.004387e+01	2490	3.177439e+01	108
21250		2.616785e+01	26	6.991577e+00	1630	1.465526e+01	1369
21385		2.643389e+01	6	2.157003e+01	1067	2.139483e+01	692
21400		3.296438e+01	12	1.070650e+01	834	9.063507e+00	2117
21402		3.279321e+01	11	1.437072e+01	356	3.459275e+01	61
21458		4.132159e+01	1	1.344643e+01	2611	1.555958e+01	2001
21465		4.257136e+00	929	7.663599e+00	1005	1.178672e+01	1028
21467		1.479145e+01	257	2.770566e+01	13	6.687725e+00	3549
21496		1.269534e+01	128	3.429624e+01	28	2.161403e+01	107
21599		8.837710e+00	276	2.426296e+01	20	2.226974e+01	66
21638		3.761061e+01	4	6.207063e+00	3274	3.060886e+01	16
21642		1.167258e+01	684	3.455535e+01	32	2.204915e+01	480
21665		2.502794e+01	32	8.095577e+00	2765	1.127234e+01	1385
21681		2.975990e+01	28	2.033531e+01	154	2.898167e+01	40
21697		6.691504e+00	1399	7.774311e+00	2787	1.348750e+01	493
21743		2.459632e+01	50	2.285465e+01	202	1.422635e+01	1774
21757		1.939062e+01	35	1.571760e+01	150	1.704407e+01	363
21767		1.964095e+01	46	1.010991e+01	1453	7.591286e+00	2512
21888		1.052941e+01	163	1.693722e+01	525	1.402118e+01	2093
21982		9.501244e+00	556	2.808625e+01	38	1.710794e+01	377
21983		7.974392e+00	130	7.101923e+00	3439	2.342551e+01	142
22078		1.213452e+01	253	9.766199e+00	3460	1.094183e+01	1641
22115		7.240229e+00	1003	2.856957e+01	103	1.518201e+01	906
22132		1.851571e+01	150	2.432628e+01	70	3.378673e+01	35
22139		7.707875e+00	635	2.037255e+01	50	1.146659e+01	1435
22182		3.307050e+01	34	6.553186e+00	3225	2.591952e+01	325
22241		5.552081e+01	4	3.719787e+01	105	1.188074e+01	1570
22243		1.966034e+01	83	6.280875e+00	1556	1.197674e+01	1074
22250		3.859456e+01	16	3.487656e+01	14	1.800977e+01	226
22304		1.503947e+01	404	2.644103e+01	63	1.687205e+01	1234
22374		8.504799e+00	196	2.982296e+01	22	3.453675e+01	105
22378		2.909924e+01	16	3.559790e+01	14	2.173715e+01	226
22390		1.227845e+01	48	1.255177e+01	2759	1.615903e+01	996
22402		1.356945e+01	425	1.460730e+01	724	1.462602e+01	1605
22432		1.715687e+01	45	1.938608e+01	167	1.553638e+01	380
22464		1.860622e+01	99	8.377819e+00	546	2.872305e+01	8
22507		1.483862e+01	1077	3.447592e+01	38	1.605961e+01	1368
22533		1.026385e+01	962	6.564052e+00	2744	1.570235e+01	129
22560		1.448547e+01	338	1.340884e+01	1255	9.431525e+00	2616
22632		3.164062e+01	1	3.093286e+01	49	1.909869e+01	1819
22683		3.336376e+00	2669	9.348706e+00	1226	1.078673e+01	1132
22687		1.906114e+01	228	5.211741e+01	1	1.420801e+01	926
22722		2.606716e+01	17	1.791314e+01	1164	1.642502e+01	1849
22730		7.042678e+00	148	1.345078e+01	1586	1.203980e+01	2314
22803		4.483600e+00	859	2.272615e+01	160	4.863389e+01	24
22913		1.914777e+01	29	8.300789e+00	1656	1.921222e+01	200
22950		1.675837e+01	39	8.098122e+00	2379	9.239683e+00	1586
22988		8.555252e+00	2711	1.027073e+01	1054	1.708546e+01	386
23066		1.453119e+01	120	4.732890e+00	2906	3.230641e+01	34
23113		6.443625e+00	1920	1.295317e+01	353	3.672437e+01	41
23191		1.165215e+01	92	6.521810e+00	3481	1.482319e+01	324
23253		2.322599e+00	2506	2.480106e+01	22	1.224466e+01	3217
23308		9.773904e+00	271	1.830128e+01	203	1.283411e+01	3077
23345		2.951412e+00	1315	4.781618e+00	2801	8.992430e+00	1013
23447		3.236069e+01	60	1.055616e+01	2742	1.590815e+01	727
23495		4.208110e+01	1	4.744761e+01	49	9.617233e+00	2613
23543		6.422362e+00	1513	1.115870e+01	830	1.022772e+01	1415
23577		3.281219e+01	7	1.329313e+01	635	1.146155e+01	1435
23615		5.372561e+01	2	5.495865e+01	14	6.249257e+01	4
23618		1.757877e+01	31	4.877706e+00	2445	2.486927e+01	379
23686		1.083448e+01	66	1.875079e+01	276	1.449427e+01	1917
23691		3.430542e+01	21	2.308141e+01	79	8.378111e+00	3276
23702		1.240047e+01	180	7.241461e+00	3673	8.461163e+00	2215
23732		3.042860e+01	22	5.514205e+01	1	1.187061e+01	2072
23791		6.762056e+00	1689	3.611410e+01	5	1.065578e+01	2676
23809		1.402908e+01	88	1.916736e+01	422	1.424955e+01	1681
23817		2.985876e+01	5	1.082055e+01	952	2.452199e+01	194
23830		1.876823e+01	50	1.004681e+01	1323	9.573417e+00	1435
23969		2.009210e+01	27	8.210570e+00	3115	4.087162e+01	8
24015		7.298370e+00	1440	1.813712e+01	88	8.055299e+00	1855
24016		5.009422e+01	21	8.242052e+00	3450	1.359044e+01	2661
24038		2.431702e+01	34	2.108068e+01	149	1.805562e+01	509
24044		5.160261e+00	2680	7.246241e+00	3085	9.623092e+00	1198
24146		2.114510e+01	39	1.426368e+01	902	1.521921e+01	711
24157		9.833093e+00	159	7.740725e+00	3349	1.198801e+01	1013
24226		2.683869e+01	49	4.430243e+01	4	1.163943e+01	2223
24240		1.170366e+01	423	1.227391e+01	2259	1.447617e+01	1144
24270		4.234927e+00	658	1.414731e+01	134	1.744604e+01	1271
24272		1.268892e+01	513	1.882681e+01	141	1.989904e+01	88
24317		3.871876e+00	1247	2.860076e+00	2540	2.213199e+01	45
24334		9.693367e+00	416	2.300086e+01	48	1.218946e+01	642
24349		2.851015e+01	30	2.004790e+01	542	1.620953e+01	1529
24426		1.661756e+01	452	8.817609e+00	2854	2.576149e+01	57
24446		2.228416e+01	41	1.162769e+01	773	1.419958e+01	378
24502		1.239633e+01	565	7.956776e+00	3216	4.046227e+01	6
24562		7.872700e+00	410	7.480602e+00	714	7.626542e+00	1304
24589		8.906735e+00	700	8.127443e+00	1714	8.534278e+00	1771
24617		4.778716e+01	1	4.045618e+01	17	1.350157e+01	1652
24659		5.867886e+00	3200	2.378702e+01	170	3.775864e+01	47
24676		3.986124e+01	3	1.035692e+01	354	9.072635e+00	2201
24684		1.196116e+01	210	1.888033e+01	66	2.681576e+01	36
24720		2.193467e+01	23	1.321008e+01	911	9.224469e+00	3464
24744		2.588757e+01	18	3.453419e+01	25	7.680087e+00	1041
24764		1.355115e+01	109	1.192377e+01	1682	1.358054e+01	1425
24832		5.252164e+00	1125	1.336958e+01	413	2.550152e+01	38
24833		7.478809e+00	391	1.250421e+01	263	1.162583e+01	1595
24967		8.080822e+00	1650	6.780546e+00	2741	2.111237e+01	181
24986		2.816102e+01	18	7.468622e+00	3087	7.993412e+00	3520
25009		1.066906e+01	439	6.621736e+00	1851	1.741544e+01	55
25056		9.331760e+00	349	2.317566e+01	91	1.343349e+01	3159
25159		2.136960e+01	64	9.049280e+00	2964	2.893912e+01	84
25252		1.383658e+01	212	2.437121e+01	31	1.397434e+01	939
25291		7.138117e+00	1167	3.273465e+00	3463	3.983645e+01	11
25298		2.902205e+01	12	1.384266e+01	2117	1.316159e+01	2583
25303		1.760260e+01	26	2.792081e+01	25	1.555072e+01	3633
25334		2.281568e+01	56	3.363419e+01	18	1.105683e+01	1735
25339		1.668320e+01	25	1.422977e+01	3117	1.545178e+01	1983
25358		1.027857e+01	383	1.191226e+01	167	6.939185e+00	2446
25388		2.359188e+01	23	1.279937e+01	363	3.330306e+01	35
25434		1.034507e+01	817	2.474032e+01	66	1.828601e+01	276
25460		2.249340e+01	13	4.025907e+01	3	1.043780e+01	2462
25467		1.468905e+01	79	3.322407e+01	21	1.559583e+01	586
25468		3.313545e+01	7	4.199757e+01	15	1.329111e+01	1587
25469		1.516475e+01	86	1.454074e+01	481	1.398290e+01	1102
25486		1.095852e+01	1900	1.532807e+01	727	1.432458e+01	1500
25538		4.410402e+00	3366	2.107643e+01	158	5.951436e+00	1487
25580		2.721057e+01	5	2.737255e+01	58	1.980338e+01	608
25582		1.207029e+01	205	1.670761e+01	294	3.632420e+01	12
25589		3.558569e+01	6	9.451434e+00	2338	1.528362e+01	630
25598		3.621341e+01	7	1.289142e+01	1899	3.106548e+01	72
25657		1.341071e+01	308	3.019110e+01	32	1.693721e+01	507
25695		6.830561e+00	763	8.937975e+00	1595	3.408769e+01	136
25727		1.861345e+01	100	2.034394e+01	138	1.125868e+01	2963
25730		2.902044e+01	5	1.056055e+01	1025	1.743338e+01	1691
25776		1.043147e+01	2998	1.179394e+01	1884	1.945986e+01	525
25785		8.277774e+00	2284	1.173652e+01	2758	1.651287e+01	1634
25853		1.104895e+01	354	1.093194e+01	423	7.901169e+00	2259
25872		4.130170e+00	1977	3.913253e+01	11	9.613260e+00	1319
25921		4.685513e+01	7	9.055709e+00	1236	1.808475e+01	255
25930		1.181517e+01	411	2.336594e+01	75	1.174632e+01	2214
25958		1.291135e+01	455	8.621302e+00	1342	8.902571e+00	1306
25969		9.155736e+00	495	4.341232e+01	4	1.394625e+01	950
25981		1.451660e+01	150	3.111255e+01	35	3.019273e+01	70
26017		1.061442e+01	992	1.494383e+01	1251	3.769957e+01	101
26117		5.533323e+01	3	2.353825e+01	183	8.890083e+00	3538
26151		3.743482e+01	10	1.417711e+01	356	1.894753e+01	674
26168		3.262570e+01	5	1.005305e+01	3037	1.581453e+01	2542
26172		1.170928e+01	337	8.597768e+00	1201	2.459657e+01	73
26180		3.336220e+01	2	1.517413e+01	496	2.051262e+01	267
26191		4.866669e+00	573	1.535257e+01	289	8.522420e+00	2982
26210		7.074400e+00	520	4.985482e+00	2104	6.891498e+00	2554
26254		9.054112e+00	399	8.970187e+00	644	1.445901e+01	449
26260		9.298125e+00	990	6.168424e+00	1250	4.674936e+00	2927
26274		4.830830e+00	761	1.856416e+01	125	1.461245e+01	233
26275		9.288351e+00	307	1.239545e+01	975	1.333636e+01	1989
26332		2.104816e+01	40	3.589424e+01	28	1.626109e+01	1305
26339		1.292750e+01	1294	1.194408e+01	1128	2.485100e+01	241
26354		3.660090e+01	4	1.227979e+01	495	3.526457e+01	16
26383		1.259299e+01	328	2.530003e+01	136	1.431215e+01	784
26439		1.172678e+01	768	1.188391e+01	1308	1.804733e+01	306
26441		3.236870e+00	2818	1.680493e+01	597	4.191203e+01	5
26462		1.350490e+00	2534	9.578804e+00	1086	1.283047e+01	3350
26480		3.219182e+01	17	1.865243e+01	1185	2.255309e+01	260
26522		2.495678e+01	38	1.077831e+01	1740	1.133222e+01	1162
26561		1.145128e+01	1037	1.948868e+01	166	1.892653e+01	147
26568		2.194505e+01	22	1.032178e+01	605	8.885372e+00	619
26582		6.946164e+00	1971	8.662814e+00	3473	1.271874e+01	2099
26583		3.918531e+00	907	3.827704e+00	2159	8.468762e+00	3524
26600		1.761135e+01	508	1.187144e+01	357	1.757804e+01	251
26638		7.745027e+00	2169	1.719076e+01	108	1.735519e+01	357
26724		1.395347e+01	768	2.444756e+01	306	1.511615e+01	1513
26732		8.891501e+00	897	9.334583e+00	1046	1.570903e+01	281
26747		7.787039e+00	2094	1.330380e+01	465	1.267006e+01	259
26802		6.544031e+00	1279	4.443603e+01	1	5.146797e+01	49
26828		2.272990e+01	30	7.990436e+00	1533	8.912639e+00	2222
26915		4.767225e+01	2	6.536534e+00	3522	7.133098e+00	2058
26922		1.577353e+01	138	2.351165e+01	122	2.722177e+01	84
26940		1.058635e+01	471	9.628110e+00	1788	1.176245e+01	691
26973		8.598098e+00	1717	5.424628e+01	10	1.598117e+01	1122
26980		2.412998e+01	6	7.176917e+00	3188	1.855762e+01	182
26982		4.616009e+00	616	1.803792e+01	174	2.162600e+01	86
27024		3.160077e+01	7	1.342297e+01	322	9.240820e+00	3703
27025		4.170823e+00	1130	1.564050e+01	448	3.077742e+01	91
27117		1.248108e+01	80	9.507120e+00	2769	1.012506e+01	2770
27149		1.059249e+01	76	1.781576e+01	1056	1.880708e+01	887
27153		1.319817e+01	166	1.607026e+01	202	2.096363e+01	502
27213		3.251064e+01	8	1.319866e+01	2372	1.591469e+01	365
27255		6.511820e+00	2785	7.279333e+00	2347	1.835558e+01	165
27328		1.426253e+01	1126	5.182068e+01	3	1.462136e+01	534
27421		4.626576e+00	429	1.381234e+01	1154	1.108526e+01	1379
27424		3.414977e+01	61	3.969616e+01	10	1.514565e+01	504
27458		1.720640e+01	357	2.677688e+01	108	1.493135e+01	1145
27495		4.748221e+00	2393	9.024782e+00	1467	1.164536e+01	865
27578		4.138009e+01	3	1.402351e+01	556	1.873515e+01	1714
27611		8.141056e+00	823	1.376576e+01	831	8.167991e+00	2862
27618		4.657666e+01	3	2.499013e+01	13	9.807153e+00	2363
27681		1.984056e+01	149	3.516412e+01	34	1.724338e+01	838
27694		2.008348e+01	54	5.014812e+00	3455	7.081601e+00	3451
27722		1.452482e+01	469	1.909420e+01	46	1.892966e+01	245
27730		8.587513e+00	800	4.457644e+01	10	2.369400e+01	132
27740		1.460178e+01	93	1.025287e+01	1234	1.673533e+01	404
27745		7.541806e+00	1906	9.589655e+00	3314	2.376922e+01	122
27776		3.418025e+01	3	2.592279e+01	62	1.831672e+01	2051
27790		3.736519e+01	4	8.636956e+00	1777	3.185721e+01	16
27791		2.535516e+01	45	7.142808e+00	2249	2.063059e+01	136
27903		1.997728e+01	9	4.208151e+00	2011	1.194383e+01	2295
27948		7.749467e+00	853	2.680385e+01	85	2.602395e+01	57
27990		1.403623e+01	162	3.605800e+01	8	2.688406e+01	99
28002		1.135016e+01	2422	3.548198e+01	55	1.544792e+01	1200
28006		3.864745e+00	3568	1.588433e+01	409	1.531123e+01	447
28056		1.557372e+01	182	1.145393e+01	2726	2.445721e+01	499
28085		2.487312e+01	24	2.544963e+01	108	2.281138e+01	208
28161		1.918689e+01	40	1.244540e+01	3122	1.948300e+01	372
28223		1.322205e+01	44	1.147165e+01	3526	1.461160e+01	1784
28259		4.767562e+00	2941	5.991697e+00	2339	9.113928e+00	1543
28275		1.947185e+01	153	3.285626e+01	26	1.147092e+01	1787
28277		1.005036e+01	774	1.789287e+01	309	3.226132e+01	73
28293		1.017185e+01	873	2.449981e+01	70	1.287276e+01	3412
28320		3.970848e+00	1448	9.097111e+00	1922	1.315752e+01	386
28325		1.983543e+01	32	1.341807e+01	459	4.000271e+01	6
28378		1.011767e+01	457	9.067296e+00	653	1.155509e+01	668
28459		1.308180e+01	1104	1.014959e+01	2519	2.286296e+01	469
28491		1.879771e+01	67	3.853078e+00	1800	7.991365e+00	2294
28503		6.694936e+00	1279	4.699584e+01	1	1.021853e+01	2001
28516		7.294037e+00	840	1.774563e+01	42	1.779654e+01	400
28531		1.141508e+01	794	1.098228e+01	746	1.760134e+01	610
28592		3.412210e+01	32	2.981581e+01	137	2.095536e+01	684
28703		3.278836e+00	3087	1.405904e+01	367	7.990328e+00	3520
28723		5.043225e+00	992	1.649650e+01	383	4.985547e+01	2
28761		1.668666e+01	127	6.497401e+00	740	1.077235e+01	530
28775		2.324723e+01	65	8.367135e+00	2719	2.042944e+01	81
28783		4.014307e+00	3211	4.002381e+01	15	1.951868e+01	155
28812		5.342123e+00	2080	1.672175e+01	442	1.871897e+01	505
28814		1.403752e+01	209	1.290326e+01	963	1.890947e+01	1060
28870		1.513879e+01	154	9.136738e+00	628	9.157524e+00	2497
28872		4.772404e+00	1285	3.780426e+00	3539	7.797682e+00	2023
28878		2.840749e+01	21	4.664505e+00	2967	1.603242e+01	79
28972		1.587634e+01	245	5.106295e+01	1	7.797819e+00	2502
28973		8.078335e+00	230	1.349566e+01	246	1.601014e+01	181
29034		2.193839e+01	58	2.972534e+01	5	1.944983e+01	958
29058		1.755561e+01	316	1.831697e+01	344	1.243619e+01	2203
29107		5.165207e+00	369	1.050305e+01	1222	1.132063e+01	940
29121		1.665955e+00	3132	7.190536e+00	975	5.685948e+00	1209
29124		9.136282e+00	1261	1.480780e+01	527	1.977835e+01	319
29140		5.459466e+01	4	1.897642e+01	422	1.469286e+01	1681
29156		4.821929e+00	1303	4.954231e+00	2799	1.380795e+01	193
29228		2.292710e+01	63	3.195752e+01	21	2.134181e+01	93
29242		7.563900e+00	659	7.129345e+00	998	9.080338e+00	1204
29291		1.433579e+01	139	7.012487e+00	2679	2.239545e+01	92
29378		6.076323e+00	2169	9.256110e+00	3133	1.650293e+01	357
29410		1.495608e+01	119	1.726590e+01	156	9.060185e+00	2664
29418		9.898271e+00	2621	1.064225e+01	2339	1.407492e+01	2941
29442		1.399791e+01	295	1.120355e+01	3162	1.316041e+01	1467
29448		2.150629e+01	91	8.254729e+00	1130	1.810996e+01	448
29482		1.090737e+01	239	3.898730e+01	5	1.930783e+01	1594
29510		4.203773e+01	3	1.224860e+01	1099	1.667576e+01	925
29532		1.727424e+01	25	5.104065e+00	2486	2.008333e+01	26
29576		9.641268e+00	273	9.548138e+00	2018	1.819169e+01	323
29582		7.620370e+00	3672	1.721603e+01	220	9.422819e+00	3661
29651		1.018370e+01	1305	3.691318e+01	28	2.603790e+01	40
29696		1.019305e+01	327	7.236267e+00	2790	1.165656e+01	503
29712		1.817017e+01	102	1.306829e+01	1211	1.005583e+01	2955
29713		2.052402e+01	379	2.009023e+01	212	2.248395e+01	79
29717		3.066742e+01	57	1.264522e+01	853	1.365012e+01	1839
29722		7.593897e+00	656	9.675137e+00	3288	1.625073e+01	807
29749		6.507232e+00	600	6.412508e+00	1995	9.895711e+00	825
29755		9.072151e+00	1202	3.539980e+01	14	1.118681e+01	1292
29882		1.297055e+01	607	3.807519e+01	18	1.141979e+01	1458
29989		5.680590e+00	1395	4.866530e+01	5	9.044303e+00	3475
30030		1.531635e+01	921	1.072367e+01	3227	1.944959e+01	370
30110		1.752255e+01	381	1.825273e+01	197	1.643326e+01	558
30148		4.440166e+01	4	5.736330e+00	3323	9.355204e+00	573
30164		4.718977e+00	2836	6.546004e+00	1221	2.546061e+01	132
30182		2.609096e+00	2295	1.531179e+01	292	3.079171e+01	9
30189		9.540061e+00	266	6.670105e+00	1691	1.222563e+01	1007
30277		1.347938e+01	166	1.558022e+01	91	1.167721e+01	2396
30304		9.869375e+00	553	1.213195e+01	372	9.834740e+00	729
30422		5.295195e+00	1134	7.963487e+00	1191	7.508484e+00	2258
30504		2.158276e+01	157	1.131848e+01	1499	1.278848e+01	3205
30551		3.307987e+01	6	1.276850e+01	537	1.124366e+01	2033
30575		9.567859e+00	1691	1.001289e+01	1769	1.138022e+01	1007
30595		7.028685e+00	438	1.277768e+01	619	1.196953e+01	1138
30669		8.747442e+00	384	1.077856e+01	1300	1.015671e+01	2998
30752		4.402160e+01	21	6.508502e+00	2757	1.577446e+01	488
30756		2.446252e+01	20	1.411955e+01	519	2.346826e+01	71
30836		1.034982e+01	1554	1.520515e+01	365	2.583642e+01	75
30890		2.265028e+01	46	8.463266e+00	338	1.634865e+01	265
30919		8.532970e+00	419	1.128483e+01	582	5.617716e+00	2869
30995		2.708796e+00	1361	5.719623e+00	2647	1.176801e+01	383
31064		1.199292e+01	102	1.707365e+01	352	1.936607e+01	152
31069		1.902513e+01	9	1.401894e+01	2802	1.704312e+01	2244
31227		1.853412e+01	121	1.410030e+01	694	7.536231e+00	2559
31266		7.114002e+00	1043	1.683143e+01	102	2.099874e+01	223
31268		1.521908e+01	107	3.911838e+00	2494	4.871890e+00	3683
31294		4.645401e+00	2465	3.904661e+00	2561	1.910856e+01	59
31345		5.323596e+01	1	3.257149e+01	196	3.912199e+01	22
31412		1.497317e+01	110	1.502585e+01	414	1.477305e+01	2931
31428		1.507326e+01	13	3.483132e+01	94	4.795817e+01	3
31454		1.007496e+01	3200	4.108573e+01	32	2.663638e+01	175
31503		1.943754e+01	67	1.798008e+01	70	1.274333e+01	3002
31544		1.737868e+01	345	1.911176e+01	211	1.378294e+01	1130
31574		3.440645e+01	10	2.479573e+01	54	6.973170e+00	3045
31651		7.433284e+00	836	6.400439e+00	2695	9.536316e+00	1192
31660		1.561056e+01	45	4.130469e+00	3452	2.167901e+01	136
31769		6.225155e+00	2339	9.239645e+00	2941	1.253105e+01	1543
31820		3.670789e+01	27	2.339016e+01	65	2.229965e+01	432
31872		5.957768e+00	632	2.538456e+01	47	1.167644e+01	1010
31878		6.307690e+00	2080	1.708876e+01	442	1.032151e+01	2284
31918		1.937902e+01	113	7.963438e+00	3362	1.343184e+01	993
31935		1.454385e+01	94	1.490579e+01	273	1.158109e+01	3048
32015		6.411418e+00	499	5.051494e+00	1846	9.190138e+00	622
32032		4.547581e+01	5	5.421942e+00	2192	9.844957e+00	1709
32078		2.089846e+01	55	9.424467e+00	2909	1.826992e+01	185
32079		9.884727e+00	735	5.041179e+00	3641	5.201051e+01	1
32121		8.917224e+00	610	9.393392e+00	3617	1.417614e+01	478
32200		1.977088e+01	91	5.534925e+00	2403	3.839946e+01	7
32270		8.809822e+00	552	8.968900e+00	2390	4.479895e+01	1
32299		5.277885e+00	380	4.183513e+01	2	1.011623e+01	1862
32347		6.445989e+00	564	1.690206e+01	169	2.500921e+01	69
32377		4.077893e+00	889	1.053192e+01	1361	7.564437e+00	2647
32447		1.719815e+01	34	1.657134e+01	110	1.330300e+01	536
32454		3.994685e+00	654	1.101296e+01	558	1.078838e+01	886
32470		8.572747e+00	1651	1.248730e+01	270	7.314721e+00	3222
32476		5.001613e+00	423	1.108016e+01	2259	1.763500e+01	1144
32522		1.459842e+01	187	2.862794e+01	86	1.529538e+01	272
32556		1.120693e+01	542	1.006402e+01	1533	9.896646e+00	1179
32564		2.495456e+01	26	1.273476e+01	726	3.910353e+01	25
32572		1.468975e+01	82	5.651146e+00	3549	3.222256e+01	13
32580		1.451208e+01	88	1.074115e+01	1582	2.202123e+01	141
32612		2.521806e+01	29	1.784871e+01	308	2.992143e+01	32
32687		8.441126e+00	223	8.659631e+00	1387	1.200787e+01	1043
32715		5.257295e+00	814	7.364643e+00	3020	3.548478e+01	3
32736		5.204660e+00	1413	8.086174e+00	3666	2.976558e+01	25
32738		4.109040e+01	3	1.978219e+01	193	1.781483e+01	1970
32756		3.266939e+00	3081	1.167420e+01	263	1.704442e+01	489
32764		6.205803e+01	1	1.682515e+01	720	2.758550e+01	75
32830		1.294496e+01	158	1.214927e+01	1257	1.889416e+01	179
32859		6.500647e+00	757	1.670126e+01	536	2.437254e+01	110
32864		3.445392e+01	6	1.198827e+01	1067	1.603262e+01	729
32869		2.914300e+01	6	1.257493e+01	1897	1.652761e+01	480
32892		2.287451e+01	34	1.218764e+01	1578	1.766234e+01	509
32921		1.293041e+01	593	8.091280e+00	3582	1.117801e+01	1597
32958		1.998450e+01	132	3.467089e+01	61	4.489480e+01	8
33017		1.103178e+01	407	8.763647e+00	1721	1.031174e+01	1297
33074		2.231960e+01	20	1.708528e+01	276	1.529527e+01	3510
33149		1.023917e+01	851	8.663109e+00	2122	1.104925e+01	3155
33178		1.060805e+01	212	1.533063e+01	379	1.018291e+01	939
33437		1.726209e+01	186	2.310066e+01	98	1.761088e+01	307
33538		2.555267e+01	14	2.168251e+01	256	1.305959e+01	3018
33572		9.641440e+00	439	7.941677e+00	722	1.702146e+01	117
33627		2.024903e+01	66	2.746225e+01	36	9.059560e+00	3041
33715		2.784613e+01	21	5.835363e+00	2967	1.576399e+01	79
33722		1.827677e+01	117	1.237644e+01	439	1.902218e+01	213
33763		1.533353e+01	76	1.126956e+01	1751	1.081514e+01	3504
33770		4.707220e+01	5	9.748474e+00	1968	2.637938e+01	126
33796		1.965883e+01	230	2.084381e+01	252	1.170906e+01	1157
33802		3.475532e+01	6	1.564304e+01	630	1.428130e+01	2338
33813		1.040092e+01	248	9.259749e+00	3253	1.508825e+01	361
33834		1.754309e+01	208	2.787648e+01	74	3.140382e+01	24
33896		1.035144e+01	3660	1.499455e+01	766	1.159506e+01	3663
33929		2.726998e+01	10	2.427634e+01	142	1.651225e+01	1026
34044		1.650496e+01	69	1.086557e+01	3023	1.482014e+01	1916
34054		2.828506e+01	48	1.619408e+01	209	1.108361e+01	1158
34062		2.090109e+01	41	1.569635e+01	738	1.438115e+01	1949
34457		4.336341e+00	2056	3.975103e+01	10	1.248252e+01	733
34566		9.600792e+00	527	1.215748e+01	149	1.123638e+01	227
34655		8.324479e+00	336	6.961660e+00	3160	1.001091e+01	1467
34662		2.000068e+01	40	1.417017e+01	173	6.151718e+00	2391
34663		2.371533e+01	126	1.634557e+01	152	1.743890e+01	165
34775		9.266107e+00	513	1.221886e+01	1681	1.225119e+01	2959
35047		1.161018e+01	95	1.735263e+01	359	2.044281e+01	201
35060		2.583200e+01	108	1.775032e+01	455	1.836564e+01	857
35161		9.573581e+00	64	1.570787e+01	2343	1.569975e+01	1425
35184		9.037317e+00	96	1.209743e+01	2050	2.916017e+01	36
35204		1.708747e+01	228	1.976829e+01	245	1.494302e+01	3152
35305		8.565250e+00	1909	3.583677e+01	16	2.079612e+01	63
35455		2.529010e+01	7	1.262182e+01	398	9.035410e+00	3192
35483		1.913500e+01	369	8.622595e+00	1429	1.405575e+01	911
35493		7.393846e+00	2880	1.838219e+01	336	1.804994e+01	294
35631		8.464922e+00	1553	7.827308e+00	2691	1.506357e+01	443
35826		1.965392e+01	87	4.219812e+01	10	1.518544e+01	723
35895		5.225389e+01	2	1.279917e+01	764	1.262566e+01	2155
35949		2.011986e+00	3111	3.190882e+01	41	9.401718e+00	750
35986		4.654449e+00	2576	3.084499e+00	3601	6.449573e+00	1448
36040		3.887683e+01	6	7.498423e+00	2338	1.334788e+01	331
36166		8.419244e+00	721	1.197085e+01	1614	3.057817e+01	88
36233		1.729020e+01	316	1.258354e+01	2203	2.316203e+01	724
36273		4.105174e+01	3	9.347425e+00	435	1.530675e+01	511
36340		2.523257e+01	16	4.251775e+01	14	2.131846e+01	226
36399		2.423824e+01	6	1.422026e+01	3188	1.747185e+01	1496
36409		1.006456e+01	131	4.635703e+00	2407	3.937006e+01	22
36439		1.427634e+01	160	1.840345e+01	37	1.432453e+01	2000
36584		2.304082e+01	27	1.221876e+01	988	1.439954e+01	1538
36824		1.970678e+01	22	7.944310e+00	605	1.005350e+01	2772
36842		3.195084e+01	16	1.492204e+01	226	4.086801e+01	14
36893		2.454455e+01	23	1.906014e+01	363	3.503117e+01	35
36987		2.273612e+01	175	1.477091e+01	366	1.501276e+01	1327
37107		3.200622e+01	24	1.706186e+01	127	1.070806e+01	1789
37173		6.292758e+00	1530	1.565964e+01	296	1.373159e+01	536
37228		4.505981e+00	2369	7.957326e+00	1431	1.002892e+01	2373
37246		6.759000e+00	3691	2.927268e+01	24	1.005544e+01	2275
37262		5.784254e+00	672	9.087439e+00	545	9.585658e+00	541
37351		9.530114e+00	609	2.976591e+01	98	1.911132e+01	367
37458		5.805174e+00	2476	1.732931e+01	304	2.417695e+01	98
37580		1.907941e+01	148	1.110784e+01	2066	1.227968e+01	1786
37603		9.341770e+00	201	1.806463e+01	270	1.190192e+01	919
37613		1.752860e+01	62	1.334345e+01	1940	4.552738e+01	3
37665		2.847956e+01	22	7.241113e+00	1558	1.204103e+02	25
37715		4.154486e+01	2	1.328829e+01	1265	9.662578e+00	1167
37723		5.279590e+00	2579	1.953781e+01	28	6.522619e+00	2859
37757		3.210310e+01	14	1.117858e+01	1416	1.549854e+01	2344
37828		1.723506e+01	122	2.063345e+01	100	1.891807e+01	1018
37842		2.237083e+01	75	6.647256e+00	3617	9.298433e+00	3619
37863		1.792154e+01	63	1.411435e+01	171	1.530714e+01	1912
37955		2.143759e+01	18	3.099360e+01	41	1.255987e+01	1981
38072		2.612164e+01	6	5.419357e+00	3188	1.344220e+01	182
38093		1.370469e+01	354	1.111715e+01	476	1.361462e+01	423
38211		9.750874e+00	329	1.056920e+01	392	1.186720e+01	2224
38298		3.038214e+01	4	1.913858e+01	283	1.841967e+01	661
38333		8.934324e+00	323	1.004422e+01	409	1.741856e+01	609
38355		1.940190e+01	95	1.285574e+01	485	1.692980e+01	179
38652		3.078063e+01	1	6.599523e+00	3156	1.388196e+01	2488
38678		2.325966e+01	61	4.001275e+01	8	1.825531e+01	300
38730		2.576801e+01	136	6.343701e+00	1595	1.484655e+01	263
38881		7.056146e+00	1836	2.608524e+01	18	1.613084e+01	323
38944		1.931899e+01	45	1.278513e+01	3452	1.393299e+01	1380
38963		2.833039e+01	10	1.177451e+01	497	1.386706e+01	1644
39044		9.868059e+00	319	1.136297e+01	1261	1.481565e+01	1412
39118		2.279674e+01	49	4.746659e+01	1	1.443974e+01	896
39268		4.178277e+00	1832	1.112459e+01	634	3.427065e+01	14
39318		3.495323e+01	3	2.536717e+01	19	6.853237e+00	2301
39489		1.640707e+01	114	1.356775e+01	441	1.421584e+01	1865
39631		2.038457e+01	197	1.574905e+01	394	2.633379e+01	92
39668		2.822797e+01	33	1.237990e+01	736	1.061882e+01	2180
39770		9.078587e+00	788	2.385693e+01	208	1.986625e+01	286
39832		1.752206e+01	40	1.092578e+01	3122	3.863697e+01	28
39977		2.001944e+01	56	3.272570e+01	18	2.066507e+01	378
39991		2.225633e+01	179	1.131068e+01	889	2.399913e+01	167
40301		4.109453e+01	1	1.636199e+01	2324	1.773229e+01	3700
40317		3.401612e+01	36	2.615592e+01	66	1.022615e+01	1917
40332		1.431844e+01	792	3.465561e+01	41	1.947644e+01	744
40572		1.859957e+01	65	6.524162e+00	2213	1.795557e+01	432
40690		1.987301e+01	42	5.734761e+00	1289	1.309236e+01	1216
40745		2.015664e+01	14	1.233144e+01	3017	2.645958e+01	256
40797		3.208296e+01	4	1.416721e+01	661	2.716141e+01	49
40823		1.252689e+01	733	1.189582e+01	1464	4.437607e+01	10
40836		1.506825e+01	490	2.832632e+01	31	1.621577e+01	783
40848		5.236134e+00	666	4.269037e+01	2	1.268344e+01	2014
40863		8.468562e+00	2852	3.082866e+01	26	1.703352e+01	726
40871		8.296748e+00	787	2.913476e+01	47	1.446431e+01	1029
40872		1.301030e+01	236	3.374739e+01	19	1.140100e+01	2142
41000		1.830031e+01	31	1.332086e+01	490	1.187408e+01	3429
41176		7.041676e+00	708	1.008242e+01	1529	1.616963e+01	565
41178		8.308400e+00	783	1.249272e+01	490	2.475462e+01	97
41331		5.224803e+00	711	7.145758e+00	2370	9.773603e+00	2378
41444		1.508048e+01	183	8.677567e+00	591	8.262098e+00	3067
41491		2.630952e+01	19	1.956521e+00	2996	1.342721e+01	809
41532		1.262825e+01	75	1.777732e+01	1372	2.305010e+01	365
41807		3.316879e+01	3	1.165619e+01	2095	1.262007e+01	979
41918		2.387845e+01	75	2.016234e+01	593	3.318002e+01	199
41919		1.138901e+01	213	8.367477e+00	949	1.032986e+01	772
41935		2.763820e+01	2	6.315764e+00	3393	9.215163e+00	1913
41940		3.913565e+01	43	1.597764e+01	1218	2.832350e+01	303
42029		9.395598e+00	362	4.422073e+01	3	1.161993e+01	1940
42100		1.822858e+01	525	1.913488e+01	501	9.002380e+00	2450
42411		5.519644e+00	1828	8.263274e+00	1271	7.704325e+00	2978
42436		7.996804e+00	784	9.770382e+00	2160	1.876421e+01	328
42573		1.482822e+01	120	1.436524e+01	1028	1.465787e+01	929
42681		8.115850e+00	415	1.744857e+01	305	1.321984e+01	475
42829		3.062290e+01	2	1.496091e+01	3027	1.495039e+01	3026
42855		2.776900e+01	60	1.273029e+01	727	1.179240e+01	2509
42912		2.055726e+01	23	1.369730e+01	3464	2.565412e+01	56
43031		7.575066e+00	811	1.371327e+01	420	7.487242e+00	2899
43255		4.582474e+00	572	7.663130e+00	3376	1.375915e+01	330
43263		2.677041e+01	87	9.120889e+00	723	4.150875e+01	10
43264		1.401843e+01	53	4.238045e+01	8	2.300926e+01	135
43286		3.817829e+01	1	6.226054e+00	1724	7.736738e+00	1469
43339		1.626222e+01	242	1.205305e+01	422	5.432692e+01	4
43355		1.637780e+01	28	1.544777e+01	808	1.729641e+01	2579
43375		2.176046e+01	115	1.243013e+01	436	4.102258e+01	16
43613		4.103662e+01	6	1.885373e+01	214	1.451840e+01	2715
43673		1.182957e+01	111	4.966237e+00	2915	1.117008e+01	912
43707		1.025277e+01	710	8.009483e+00	978	1.548959e+01	583
43747		1.060506e+01	567	8.996638e+00	2591	1.251811e+01	676
43961		1.000226e+01	203	1.082177e+01	3521	1.199903e+01	3093
44015		2.246801e+01	7	1.556305e+01	980	1.468753e+01	2913
44070		6.808677e+00	348	9.814068e+00	312	1.265267e+01	1698
44101		7.705642e+00	246	1.281330e+01	230	9.017214e+00	2130
44160		6.139741e+00	2021	7.173839e+00	1190	2.878778e+01	54
44283		6.982920e+00	1604	7.011652e+00	3467	8.201816e+00	2099
44834		1.709345e+01	62	1.187845e+01	1099	1.087677e+01	3465
44962		3.993571e+01	3	1.104269e+01	458	1.374033e+01	1153
45015		2.581149e+01	2	5.111253e+00	3444	1.382054e+01	1660
45078		2.266985e+01	27	4.162302e+01	8	2.407578e+01	162
45176		2.054336e+01	31	1.673720e+01	490	1.228006e+01	2445
45186		1.776750e+01	37	1.241380e+01	1424	2.489686e+01	124
45330		9.439839e+00	1189	3.460424e+01	14	1.083012e+01	1292
45624		1.382931e+01	448	9.821101e+00	2708	1.542106e+01	1130
45710		3.401978e+01	6	1.372328e+01	1067	4.155035e+01	40
45773		5.065612e+00	485	1.466922e+01	384	1.122355e+01	1744
45907		5.214222e+00	3378	1.224559e+01	718	1.502213e+01	397
46241		7.806882e+00	279	3.609002e+00	3296	2.879498e+01	55
46398		1.000792e+01	160	9.200175e+00	2747	1.462316e+01	859
46444		1.608414e+01	122	1.099914e+01	1290	1.206928e+01	1188
46919		4.647791e+00	1816	1.862350e+01	166	1.120153e+01	751
46999		3.139989e+01	24	1.668273e+01	455	2.976305e+01	50
47234		1.015132e+01	290	2.080657e+01	28	1.356320e+01	2163
47300		8.746431e+00	1292	3.470089e+01	14	1.167498e+01	625
47317		1.808478e+01	87	1.998490e+01	162	1.257423e+01	1737
47341		2.763538e+01	29	1.557325e+01	331	1.041642e+01	1314
47456		1.148145e+01	188	1.124774e+01	590	1.530241e+01	792
47483		1.221468e+01	287	2.146005e+01	44	2.373466e+01	266
47578		6.045413e+00	1663	1.159951e+01	681	2.765159e+01	38
47601		7.822173e+00	1425	2.043585e+01	64	2.178788e+01	109
47705		1.775980e+01	43	1.152901e+01	3537	3.436249e+01	27
47999		4.967846e+00	788	9.283187e+00	528	2.818196e+01	53
48111		1.484121e+01	243	1.100346e+01	1445	9.250675e+00	2571
48203		7.345121e+00	2224	1.665246e+01	392	2.264038e+01	124
48232		2.938356e+00	1422	9.275063e+00	639	3.069843e+01	17
48303		5.001177e+00	3511	2.177819e+01	142	3.919728e+01	10
48385		1.391576e+01	89	2.100659e+01	41	7.433461e+00	3613
48644		3.648545e+00	3498	2.540037e+01	52	1.889018e+01	116
48678		1.410107e+01	423	7.382726e+00	1716	1.350699e+01	700
48696		1.641090e+01	79	1.222005e+01	586	1.383979e+01	498
48953		2.999471e+00	1711	4.032718e+00	3057	7.420973e+00	940
49050		1.020648e+01	175	8.733506e+00	3237	1.312818e+01	987
49093		2.934841e+01	18	7.619285e+00	2110	1.212707e+01	1664
49212		3.414568e+01	2	1.131396e+01	1913	1.081870e+01	3393
49368		2.111789e+01	55	1.997955e+01	279	1.363367e+01	731
49425		1.992360e+01	314	3.847521e+01	15	1.509149e+01	399
49468		4.582519e+00	1956	6.226914e+00	1875	9.718323e+00	780
49864		4.510544e+00	2405	9.634362e+00	1094	7.334687e+00	1699
49933		6.237432e+00	943	9.938186e+00	1503	1.614103e+01	236
50195		1.518535e+01	175	2.082819e+01	47	1.715241e+01	913
50222		7.367668e+00	1764	1.706141e+01	457	3.067715e+01	33
50353		1.553376e+01	242	8.200543e+00	920	1.416014e+01	222
50657		2.884342e+01	26	3.899094e+01	25	2.453706e+01	215
50680		1.098177e+01	299	2.802601e+01	34	1.833675e+01	149
50715		1.993567e+01	157	3.261607e+00	3205	1.913353e+01	1632
51067		2.685162e+01	14	1.824544e+01	217	1.853726e+01	1416
51174		2.498653e+00	1217	7.330041e+00	1175	1.430317e+01	248
51182		2.579214e+00	2163	1.601219e+01	290	2.044617e+01	77
51295		1.150500e+01	366	1.094099e+01	1232	9.859214e+00	2342
52278		2.932866e+01	5	1.896779e+01	437	2.312497e+01	239
52297		2.699438e+01	21	1.985415e+01	63	1.167622e+01	3334
52863		1.543843e+01	127	8.632157e+00	1789	3.555397e+01	24
52894		8.514390e+00	643	2.333217e+01	220	5.015925e+01	6
52915		1.767081e+01	80	1.163183e+01	1210	1.061530e+01	1105
52966		2.144084e+01	79	1.463128e+01	115	7.486316e+00	3276
52990		1.029540e+01	1084	1.666617e+01	302	1.007334e+01	2917
53178		1.046005e+01	404	1.857450e+01	343	2.577297e+01	93
53417		7.344336e+00	2891	2.232755e+01	146	1.013038e+01	2886
53479		3.737675e+01	6	1.188615e+01	220	9.667008e+00	3661
53792		1.005943e+01	825	1.351608e+01	1077	8.649865e+00	2877
54847		2.298764e+01	2	1.658718e+01	1660	1.929760e+01	3444
54927		9.765119e+00	1107	2.365270e+01	146	1.948058e+01	589
55211		1.738719e+01	48	7.910077e+00	642	1.563553e+01	416
55243		1.347201e+01	132	3.052992e+01	10	1.205864e+01	1809
55753		9.600891e+00	2348	4.077867e+01	19	5.092720e+01	2
55981		2.320898e+01	6	1.379310e+01	2328	1.528449e+01	3690
56080		1.039149e+01	509	1.551813e+01	454	1.839125e+01	149
56385		1.384097e+01	312	1.871353e+01	471	1.879898e+01	348
56502		1.785953e+01	148	1.063939e+01	1609	1.096775e+01	2702
56792		2.221171e+01	15	3.466723e+01	7	6.640223e+00	2279
56963		1.235353e+01	319	1.075559e+01	762	1.415947e+01	861
57076		2.454403e+01	142	1.384630e+01	441	1.197323e+01	1865
57235		1.442752e+01	67	9.049258e+00	1800	1.920840e+01	254
57265		2.157366e+01	154	9.185050e+00	2497	1.239905e+01	548
57302		1.783711e+01	244	6.310372e+00	3071	3.897160e+01	11
57428		2.623231e+01	53	1.178761e+01	2213	3.005185e+01	65
57533		6.743318e+00	1745	5.669544e+00	2643	7.582890e+00	1707
57560		5.928427e+00	1618	6.756929e+00	2342	6.675114e+00	2952
58349		7.156902e+00	1258	7.542541e+00	1942	1.132223e+01	799
58395		1.726906e+01	53	3.838610e+01	8	1.123439e+01	2269
58546		6.467737e+00	2049	6.373021e+00	2046	1.612647e+01	282
59141		8.539203e+00	2023	8.404765e+00	3539	1.147733e+01	1285
59414		1.614699e+01	102	1.697500e+01	352	1.954462e+01	152
59659		2.789757e+01	12	9.298742e+00	805	1.727696e+01	336
59681		3.454469e+01	2	6.547976e+00	2653	1.055987e+01	1938
59785		1.011306e+01	211	3.385176e+01	20	2.939816e+01	77
60072		2.007472e+01	185	1.155332e+01	407	2.575449e+01	34
60809		6.034707e+00	1905	1.019847e+01	1903	1.200783e+01	1255
61524		1.977600e+01	31	1.960461e+01	212	2.265019e+01	204
63403		1.875181e+01	48	1.277931e+01	1169	3.027765e+01	72
64473		5.589001e+00	805	2.706999e+01	12	1.614088e+01	336
65204		1.355220e+01	921	9.922769e+00	2410	1.027694e+01	3227
65884		4.661192e+00	2467	2.559890e+01	77	3.528835e+01	20
67956		5.453210e+00	659	8.900666e+00	1128	9.019555e+00	998
68051		2.843200e+01	12	1.130490e+01	1384	2.431643e+01	120
68859		2.426233e+01	136	1.361566e+01	263	9.799853e+00	1595
70165		2.857534e+01	11	7.756646e+00	1807	6.294736e+00	3483
72149		4.223654e+01	11	5.136936e+01	2	1.735499e+01	724
