6841		3.183145e+01	1	1.752230e+01	3679	2.253225e+01	2879
6848		3.957064e+00	1391	9.305497e+00	1569	3.342857e+01	60
6851		1.630413e+01	51	1.348052e+01	1579	2.140555e+01	190
6854		2.986444e+01	2	7.502301e+00	3458	4.391457e+01	11
6857		3.412742e+01	15	4.912711e+01	7	1.646011e+01	399
6858		1.204182e+01	318	2.153346e+01	157	1.726223e+01	463
6868		2.794573e+01	6	2.215647e+01	643	2.000531e+01	1496
6869		2.644444e+01	60	9.552300e+00	941	1.707892e+01	1077
6870		6.514407e+00	873	2.626082e+01	70	1.625488e+01	3001
6878		8.563923e+00	1592	2.262911e+01	151	1.191449e+01	763
6881		4.691042e+01	1	2.086528e+01	228	2.086231e+01	245
6883		7.026614e+00	1833	2.659332e+01	58	1.523842e+01	608
6891		2.515221e+01	17	1.426447e+01	229	1.485157e+01	2037
6920		6.363907e+00	1764	1.973552e+01	73	1.807959e+01	457
6922		1.422126e+01	48	1.094483e+01	1262	4.086559e+01	7
6923		1.634285e+01	65	1.500665e+01	1448	2.692866e+01	81
6924		6.670882e+00	2770	2.187314e+01	80	1.502898e+01	351
6935		2.083148e+01	46	7.826156e+00	1309	1.187537e+01	976
6950		1.062039e+01	233	1.977407e+01	140	1.890777e+01	93
6976		7.428816e+00	822	7.950686e+00	2466	1.317008e+01	595
6982		9.494168e+00	2345	1.519890e+01	366	2.315869e+01	109
6995		5.386742e+00	1994	1.239374e+01	1042	9.086534e+00	3686
7000		2.149131e+01	91	7.117380e+00	3159	1.330106e+01	349
7011		6.540435e+00	883	6.326978e+01	4	1.937252e+01	42
7016		5.336927e+00	3216	2.776331e+01	46	1.506494e+01	516
7080		1.428990e+01	1543	3.109951e+01	238	1.413480e+01	3280
7088		8.042709e+00	385	1.484733e+01	444	1.528293e+01	1189
7092		9.581505e+00	615	1.109777e+01	692	8.507500e+00	1413
7097		1.638105e+01	312	9.037968e+00	2699	1.188231e+01	2211
7108		1.192046e+01	1499	2.629507e+01	64	2.113387e+01	460
7111		1.511363e+01	63	1.089712e+01	3334	2.475633e+01	93
7130		1.589601e+01	163	6.788729e+00	997	7.179524e+00	957
7136		2.012139e+01	215	1.822801e+01	281	1.217218e+01	3201
7143		1.162125e+01	200	2.426002e+01	70	2.140242e+01	254
7148		1.993634e+01	51	1.631042e+01	170	2.113802e+01	417
7149		5.736881e+00	1232	8.918346e+00	2342	1.012281e+01	1393
7164		1.391567e+01	212	1.848322e+01	204	2.451211e+01	31
7179		1.230501e+01	304	8.540226e+00	1120	1.659410e+01	216
7189		3.204925e+01	3	2.926234e+01	13	1.655217e+01	2462
7204		1.303805e+01	679	1.820663e+01	192	1.072802e+01	1366
7210		7.681158e+00	541	3.782145e+00	1407	8.201912e+00	545
7212		1.968191e+01	312	1.983185e+01	348	2.656932e+01	207
7213		6.327651e+00	789	7.866523e+00	1991	1.429287e+01	478
7215		3.236290e+01	1	4.553146e+01	17	2.065338e+01	1279
7220		4.719401e+00	1594	3.002166e+01	5	8.497530e+00	3037
7230		1.311547e+01	69	6.117185e+00	3448	1.967498e+01	535
7235		6.064313e+00	627	1.296460e+01	285	1.408672e+01	566
7238		2.641334e+00	1403	5.631491e+00	3338	1.629318e+01	123
7254		8.660607e+00	960	8.073394e+00	2316	1.342356e+01	376
7265		2.658659e+01	13	1.209044e+01	681	2.072314e+01	298
7273		1.041537e+01	432	7.074816e+00	985	2.235835e+01	65
7294		1.725744e+01	94	5.262513e+00	1864	5.875064e+00	3055
7301		9.046847e+00	556	8.432228e+00	1714	2.977851e+01	38
7310		4.636432e+00	499	4.131410e+00	1846	1.044418e+01	2030
7314		6.808027e+00	466	2.411125e+01	16	9.814435e+00	3299
7324		1.595558e+01	38	1.534482e+01	1410	1.879299e+01	1716
7325		9.463618e+00	179	2.395706e+01	45	1.391382e+01	1247
7326		1.563788e+01	88	7.875988e+00	1582	5.379827e+01	4
7342		2.040130e+01	57	2.702107e+01	39	1.877021e+01	202
7344		6.823043e+00	3336	1.189218e+01	781	8.428523e+00	3333
7357		1.635584e+01	76	6.641656e+00	2553	1.298315e+01	971
7382		5.859439e+00	439	9.728192e+00	722	1.670951e+01	117
7384		9.835968e+00	493	4.211651e+00	3367	1.723587e+01	477
7393		5.236521e+01	3	3.057385e+01	13	1.395826e+01	2015
7395		1.160726e+01	299	1.557883e+01	454	2.322998e+01	34
7398		2.499017e+01	35	1.917771e+01	343	3.555080e+01	23
7401		1.779591e+01	26	1.291722e+01	3633	2.040893e+01	726
7402		1.204704e+01	252	6.138313e+00	1701	8.955675e+00	2281
7406		2.485923e+01	44	4.182287e+01	20	1.543668e+01	1072
7424		7.980502e+00	196	3.321148e+01	22	1.317192e+01	1570
7430		2.123322e+01	28	2.908425e+01	40	1.203653e+01	3596
7434		5.876068e+00	1485	1.184087e+01	991	1.079277e+01	1617
7441		2.390513e+01	36	2.445578e+01	66	1.163110e+01	1917
7451		2.722677e+01	12	2.702069e+01	34	8.627802e+00	1721
7452		9.523517e+00	1543	1.744376e+01	513	1.527236e+01	796
7473		3.728177e+01	1	1.166631e+01	696	1.693945e+01	450
7479		3.657277e+01	2	5.535713e+00	3062	1.491101e+01	489
7484		2.425571e+01	205	2.005207e+01	590	1.447241e+01	1353
7491		9.357365e+00	150	2.704705e+01	35	2.059302e+01	404
7498		7.792104e+00	2427	8.870589e+00	3316	1.386921e+01	1110
7502		1.139162e+01	260	2.095681e+01	459	1.611327e+01	2404
7506		3.096851e+01	17	7.984598e+00	1422	7.423999e+00	2755
7513		8.619555e+00	1684	9.741428e+00	946	1.638536e+01	395
7516		1.264548e+01	66	3.131030e+01	20	1.377021e+01	3053
7540		3.193558e+00	946	1.443235e+01	280	1.050631e+01	1684
7543		3.956366e+00	2540	2.017320e+01	167	7.316472e+00	1388
7578		4.118694e+01	21	1.356487e+01	488	1.153567e+01	2757
7587		1.574622e+01	52	8.108211e+00	3073	1.323412e+01	241
7593		7.660030e+00	319	9.985277e+00	797	1.829907e+01	762
7599		3.298460e+01	3	2.101597e+01	354	1.689036e+01	3079
7618		4.823897e+00	541	8.521653e+00	545	9.519079e+00	1407
7621		2.044822e+01	80	1.153893e+01	1210	1.433662e+01	1105
7630		2.711987e+01	1	2.417322e+01	3156	2.664230e+01	1719
7631		1.248887e+01	209	1.550330e+01	963	1.360313e+01	2434
7635		4.722810e+00	1091	9.599940e+00	3110	1.164875e+01	2373
7642		8.994389e+00	1029	2.464602e+01	190	1.116841e+01	1569
7646		1.611867e+01	554	2.409189e+01	408	1.451216e+01	2157
7649		7.708558e+00	1570	1.134581e+01	598	2.607186e+01	80
7650		1.978994e+01	34	2.567593e+01	12	1.101514e+01	3199
7659		9.201509e+00	283	2.686922e+01	49	4.385014e+01	4
7676		1.026206e+01	1082	9.696835e+00	1027	6.920616e+00	3646
7678		1.774667e+01	42	1.879328e+01	709	1.394568e+01	1289
7693		7.317252e+00	1600	1.119027e+01	1094	1.518344e+01	460
7737		1.408919e+01	738	7.153320e+00	1286	5.917345e+00	2687
7739		6.939087e+00	2267	8.811518e+00	2211	1.236831e+01	854
7741		2.318845e+01	26	1.917680e+01	567	1.450540e+01	3184
7745		1.482983e+01	226	1.406325e+01	444	1.327439e+01	1315
7759		1.045949e+01	158	1.351715e+01	269	1.038507e+01	3358
7779		1.107631e+01	309	1.954467e+01	73	1.173003e+01	1883
7784		1.018216e+01	1373	1.654378e+01	376	2.642568e+01	40
7791		1.486642e+01	64	1.258316e+01	2420	1.792602e+01	337
7795		8.901867e+00	1261	1.480770e+01	1412	1.390376e+01	691
7800		2.495935e+01	15	1.777693e+01	596	7.743625e+00	3273
7801		2.512621e+01	70	9.699814e+00	944	1.447090e+01	568
7802		6.569412e+00	635	2.097493e+01	50	9.959479e+00	3180
7818		1.928125e+01	320	1.843540e+01	734	1.138716e+01	1396
7833		5.823481e+00	2489	5.332771e+00	2716	2.553998e+01	26
7840		2.028762e+01	136	1.019209e+01	263	1.439163e+01	1283
7841		1.471478e+01	182	3.176311e+01	6	1.350682e+01	334
7850		1.365444e+01	80	7.198099e+00	2769	2.246682e+01	196
7879		3.438582e+01	5	9.223397e+00	1025	1.597041e+01	1769
7898		7.747835e-01	2993	1.154898e+01	749	1.135952e+01	572
7917		1.004965e+01	875	1.024287e+01	1433	9.987537e+00	1040
7930		1.380104e+01	287	6.894848e+00	3515	9.493731e+00	1713
7942		8.012748e+00	324	1.882893e+01	92	1.158114e+01	637
7947		2.410981e+00	3179	1.334579e+01	128	1.605011e+01	154
8031		2.696238e+01	154	8.616818e+00	2600	9.394745e+00	1231
8033		2.535206e+01	17	5.121158e+01	1	1.357851e+01	2611
8043		4.629206e+01	1	9.238890e+00	1356	1.962111e+01	322
8053		1.265987e+01	215	3.999650e+01	26	1.491638e+01	247
8058		2.011592e+01	38	1.971457e+01	257	2.030923e+01	377
8084		3.011486e+01	58	9.316580e+00	3485	1.176597e+01	2552
8092		2.081782e+01	31	9.090285e+00	1708	7.089532e+00	3350
8099		3.391378e+01	16	2.391808e+01	79	1.203840e+01	297
8101		1.003081e+01	256	9.889082e+00	672	2.992102e+01	14
8106		6.944619e+00	304	6.888762e+00	2313	1.033438e+01	1123
8108		1.986336e+01	28	1.294981e+01	290	1.459374e+01	3596
8110		3.032336e+01	9	1.890833e+01	192	1.964958e+01	457
8114		1.846481e+01	48	1.410161e+01	387	2.684399e+01	72
8126		7.537042e+00	862	2.863574e+01	24	1.525917e+01	487
8130		1.643587e+01	91	1.169623e+01	1375	1.513650e+01	2218
8132		3.475697e+01	43	1.242737e+01	1538	6.410949e+01	21
8136		3.971330e+01	43	2.670565e+01	303	3.097675e+01	56
8148		1.095202e+01	1920	8.887048e+00	3111	1.397875e+01	750
8150		3.822440e+01	4	7.394719e+00	596	2.151607e+01	129
8153		6.463497e+00	424	3.052860e+01	15	3.871294e+01	7
8154		8.083627e+00	1130	1.366740e+01	448	2.189297e+01	211
8197		2.804321e+00	1594	2.978234e+01	5	1.209432e+01	3479
8200		7.763225e+00	622	1.237192e+01	499	1.352599e+01	616
8210		1.998591e+01	55	8.600597e+00	3230	1.337689e+01	620
8213		8.752088e+00	1298	9.262899e+00	436	1.198908e+01	816
8224		1.241093e+01	129	8.556396e+00	2078	1.033405e+01	2614
8236		1.974011e+01	17	1.385032e+01	1422	1.863399e+01	639
8244		2.475258e+01	25	9.202244e+00	2591	1.008448e+01	1413
8279		1.641144e+01	58	1.645330e+01	994	1.663375e+01	1521
8291		9.723913e+00	856	1.299544e+01	301	9.984562e+00	553
8294		6.086565e+00	504	3.975375e+01	11	2.394190e+01	356
8300		8.766566e+00	405	1.111243e+01	678	1.164024e+01	523
8307		6.445512e+00	620	2.300840e+01	55	1.200340e+01	456
8332		1.016530e+01	2359	9.285845e+00	3420	1.249146e+01	1173
8336		1.178068e+01	290	1.502174e+01	211	2.772299e+01	77
8340		2.984597e+01	34	2.960963e+01	12	6.572692e+00	1721
8344		1.549587e+01	17	2.434932e+01	480	1.713867e+01	3224
8348		1.250322e+01	181	1.482764e+01	230	6.361409e+00	2130
8355		8.234072e+00	369	9.631521e+00	940	1.094860e+01	2105
8360		1.745222e+01	189	6.733450e+00	1442	7.264025e+00	2142
8372		1.380789e+01	179	2.245548e+01	45	7.938057e+00	3389
8386		1.087592e+01	1192	1.418482e+01	610	9.416952e+00	3617
8398		1.120155e+01	675	1.768339e+01	211	2.015721e+01	202
8399		4.135225e+00	3504	5.368673e+00	3073	5.873275e+00	1751
8403		1.219573e+01	83	2.230979e+01	157	2.015448e+01	180
8409		1.452499e+01	350	2.182083e+01	204	2.020976e+01	444
8411		1.086106e+01	1369	8.753271e+00	1669	1.163980e+01	2398
8416		1.266755e+01	194	4.335165e+01	5	1.205557e+01	947
8420		7.569297e+00	1093	3.902674e+01	8	8.983974e+00	1071
8448		2.063362e+01	132	5.041146e+01	10	2.805158e+01	261
8472		2.055295e+01	183	8.271572e+00	3557	1.100658e+01	1944
8500		4.132635e+01	28	4.395890e+00	2863	6.255550e+00	1842
8506		1.993269e+01	109	9.355105e+00	2005	9.554723e+00	2940
8514		1.762963e+01	22	1.442975e+01	605	2.289261e+01	225
8530		2.186211e+01	76	8.895366e+00	1056	4.977930e+01	5
8534		2.365698e+01	31	1.886013e+01	130	2.277537e+01	490
8547		9.031524e+00	102	1.534344e+01	863	1.505085e+01	2184
8560		2.399637e+01	22	1.368804e+01	1558	1.391970e+01	2285
8565		1.225677e+01	76	9.770720e+00	1476	2.282247e+01	239
8578		1.608370e+01	325	2.010807e+01	120	9.065433e+00	1613
8584		2.946941e+01	29	7.377117e+00	2950	2.007614e+01	175
8593		1.792639e+01	149	2.540784e+01	157	1.874720e+01	838
8608		6.993437e+00	366	1.384377e+01	1085	1.352773e+01	842
8650		1.864824e+01	178	9.309132e+00	3486	1.215895e+01	945
8665		3.268132e+01	7	2.073588e+01	118	1.233087e+01	2326
8669		1.212203e+01	293	8.908344e+00	1889	1.387577e+01	1015
8720		3.265535e+01	7	3.091428e+01	72	2.582426e+01	118
8722		1.223952e+01	90	1.013594e+01	2988	1.157739e+01	2984
8729		2.309495e+01	84	9.899490e+00	1238	9.645742e+00	2416
8734		7.663625e+00	1190	1.349537e+01	998	3.492364e+01	68
8736		2.137224e+01	80	5.834996e+00	1105	1.222706e+01	1796
8738		1.182394e+01	98	9.579406e+00	1447	1.232441e+01	1204
8739		1.378408e+01	86	1.728982e+01	481	2.498931e+01	83
8750		1.177951e+01	228	6.743956e+00	3696	3.851701e+01	6
8756		2.153891e+01	32	9.285991e+00	1385	1.116848e+01	1601
8762		2.251436e+01	22	1.312575e+01	1006	1.256964e+01	2285
8768		1.762430e+01	56	1.152410e+01	714	1.268758e+01	2246
8769		1.097284e+01	104	1.012547e+01	1470	2.024693e+01	302
8778		2.612651e+01	296	1.113360e+01	1701	2.120010e+01	413
8811		1.883440e+01	214	1.583045e+01	372	1.299742e+01	3626
8813		2.411350e+01	119	2.357578e+01	143	9.553967e+00	2140
8827		1.204372e+01	236	1.147878e+01	393	1.971011e+01	1090
8828		1.683946e+01	249	1.500684e+01	397	2.598514e+01	126
8830		6.525692e+00	1175	1.648659e+01	72	8.622339e+00	1217
8840		6.009697e+00	1453	6.732800e+00	2512	1.483088e+01	516
8845		8.748530e+00	184	3.063045e+01	17	1.506884e+01	1211
8893		9.336931e+00	1654	1.704369e+01	125	1.462826e+01	1601
8901		2.193009e+01	38	1.411264e+01	346	1.840406e+01	1410
8909		2.780808e+01	51	2.511225e+01	225	1.500719e+01	2407
8922		2.398159e+01	41	1.449432e+01	828	4.318885e+01	25
8939		1.602186e+01	47	1.220657e+01	311	9.444746e+00	747
8954		5.567454e+00	552	1.427600e+01	1741	1.542039e+01	483
8959		9.858250e+00	92	1.396366e+01	777	9.365518e+00	3481
8965		5.730945e+00	371	9.481590e+00	967	1.046011e+01	1640
8973		2.296822e+01	136	1.378545e+01	391	1.217103e+01	1595
9003		1.860351e+01	245	3.470341e+01	46	1.176618e+01	2728
9012		2.773139e+01	6	2.936487e+01	301	2.421212e+01	1242
9017		4.892235e+00	1828	5.525892e+00	1271	1.602824e+01	194
9031		1.255524e+01	716	8.318881e+00	3665	1.937884e+01	146
9038		5.029989e+01	11	8.045290e+00	724	5.060468e+01	14
9052		2.434518e+00	3230	7.932359e+00	1359	2.303139e+01	55
9073		5.763280e+00	1953	6.451470e+00	2717	2.574200e+01	12
9093		2.495110e+01	40	1.487085e+01	961	4.321516e+01	28
9106		4.234019e+01	4	1.760195e+01	1653	1.599729e+01	2760
9140		8.819384e+00	390	1.332936e+01	505	1.162471e+01	1677
9141		1.433270e+01	45	3.422178e+00	3431	1.858693e+01	169
9150		2.821888e+01	7	1.003914e+01	1957	2.016455e+01	72
9161		7.202480e+00	1025	7.151551e+00	2158	7.695501e+00	1769
9165		1.983728e+01	47	6.433105e+00	1759	1.127537e+01	787
9176		4.083007e+00	3667	5.719006e+00	3171	8.259958e+00	1815
9179		3.620787e+00	704	9.285411e+00	2711	1.547907e+01	386
9187		3.796777e+00	2921	1.514698e+01	185	2.332960e+01	111
9199		5.109851e+00	1627	9.830771e+00	1449	2.668573e+01	12
9204		9.523080e+00	121	1.151132e+01	694	1.316079e+01	2559
9212		1.035894e+01	825	1.021964e+01	1667	1.510300e+01	600
9217		1.004374e+01	541	9.676548e+00	1202	1.387485e+01	1098
9227		7.260984e+00	1413	5.955029e+00	3666	2.900210e+01	25
9256		5.525140e+00	2770	2.291511e+01	80	9.176350e+00	1570
9261		1.197953e+01	1593	8.273444e+00	3425	1.806710e+01	521
9262		8.392971e+00	242	5.398344e+01	4	1.932206e+01	422
9280		3.300759e+01	3	2.047801e+01	563	2.248420e+01	288
9284		1.878003e+01	257	2.626161e+01	38	3.120038e+01	82
9285		2.124551e+01	35	4.145690e+00	2451	1.376517e+01	363
9286		4.793017e+01	2	1.030308e+01	2155	5.003651e+01	11
9317		2.513897e+01	15	2.095412e+01	101	1.206803e+01	3273
9326		1.083898e+01	238	9.547715e+00	518	6.563721e+00	3244
9333		1.821395e+01	228	4.604245e+01	1	1.805051e+01	968
9342		6.416484e+00	1062	6.684031e+00	1254	8.765046e+00	1813
9348		9.540918e+00	1487	2.151696e+01	359	2.577780e+01	95
9349		5.697254e+00	1103	1.153468e+01	838	1.278070e+01	347
9365		6.122516e+00	1388	4.395524e+00	3374	1.892266e+01	179
9372		1.511578e+01	133	3.398316e+00	3624	4.854521e+00	3615
9378		6.007841e+00	2059	1.801839e+01	300	1.594617e+01	837
9387		2.976927e+01	78	8.230553e+00	3668	1.264602e+01	3659
9399		2.427191e+01	55	2.726585e+01	110	2.192004e+01	262
9411		3.192544e+01	23	8.216501e+00	2246	8.957003e+00	3470
9435		1.532803e+01	346	3.470629e+01	26	1.311243e+01	2268
9455		3.235485e+00	3140	1.682696e+01	290	6.571243e+00	3145
9474		2.268672e+01	70	1.270909e+01	873	1.044859e+01	3412
9481		1.367865e+01	414	1.125186e+01	811	2.013359e+01	110
9483		1.656231e+01	226	1.098014e+01	444	1.032308e+01	1292
9486		1.340710e+01	222	6.397901e+00	3406	8.242534e+00	2097
9487		7.438805e+00	243	1.676821e+01	1373	1.652031e+01	1945
9496		3.226702e+01	29	1.757487e+01	427	3.189364e+01	70
9529		7.771127e+00	287	4.292153e+00	2248	4.762288e+01	5
9532		3.453208e+01	15	7.254197e+00	3211	6.917008e+00	2911
9545		8.340949e+00	266	1.782561e+01	44	1.429660e+01	1691
9552		2.698589e+00	2003	3.242232e+00	3258	6.231946e+00	1484
9554		5.711604e+01	3	1.238719e+01	401	2.071450e+01	130
9560		1.845006e+01	33	2.390670e+01	143	3.767485e+01	9
9563		1.448522e+01	191	5.151913e+00	3512	2.405523e+01	69
9604		1.555375e+01	147	5.690290e+00	3653	2.773532e+01	50
9612		8.015215e+00	1358	1.882535e+01	149	1.783027e+01	453
9621		1.818901e+01	48	3.672222e+01	15	1.144098e+01	996
9623		3.144459e+01	75	1.039942e+01	2168	1.760155e+01	1192
9626		5.371969e+01	3	9.763641e+00	2572	9.483941e+00	3574
9634		8.163953e+00	781	8.584599e+00	2995	1.148681e+01	1473
9641		2.186357e+01	91	7.852317e+00	2403	4.377821e+01	7
9649		1.419622e+01	166	5.181203e+00	2396	1.972977e+01	91
9670		2.398974e+01	42	8.121958e+00	709	9.994098e+00	1534
9672		4.948418e+00	2356	1.596540e+01	533	1.095580e+01	1860
9682		1.312913e+01	62	2.245031e+01	388	1.946521e+01	634
9699		1.425158e+01	42	1.174778e+01	840	1.668096e+01	400
9724		3.834661e+01	3	6.981607e+00	2462	2.492265e+01	13
9736		9.680816e+00	1210	1.762930e+01	80	1.942974e+01	237
9745		8.067377e+00	395	1.420290e+01	213	4.797664e+00	2137
9805		7.662641e+00	2211	1.410205e+01	854	1.167008e+01	2267
9807		1.571528e+01	48	3.694767e+01	15	1.266025e+01	1262
9822		3.590869e+00	1271	4.074559e+00	1828	1.094098e+01	790
9848		2.527847e+01	19	1.130970e+01	373	7.485559e+00	2237
9857		5.523159e+01	2	1.203095e+01	2357	1.420579e+01	1592
9861		9.398289e+00	1135	1.799893e+01	204	1.606766e+01	379
9876		4.283605e+01	8	2.632829e+01	53	2.259386e+01	162
9878		1.392207e+01	821	2.489388e+01	48	1.086644e+01	1744
9883		1.879839e+01	26	1.301845e+01	567	2.604236e+01	25
9890		1.375483e+01	141	1.120315e+01	1729	9.620768e+00	3300
9893		3.409161e+01	36	8.790165e+00	687	4.691161e+00	2437
9898		8.742681e+00	841	2.262888e+01	72	1.160782e+01	1899
9904		4.904653e+01	3	1.647065e+01	2252	2.298517e+01	563
9917		3.105579e+01	5	1.009204e+01	2671	1.463954e+01	1066
9920		5.194610e+00	336	7.546720e+00	3160	1.399978e+01	865
9939		1.373844e+01	95	1.034773e+01	359	1.196111e+01	2188
9959		9.108881e+00	282	2.170969e+01	143	1.256767e+01	3416
9987		1.531863e+01	366	2.949851e+01	47	1.279156e+01	1085
9988		3.052749e+01	25	2.165989e+01	41	1.186337e+01	828
10008		2.484443e+01	46	1.726237e+01	487	1.691264e+01	862
10014		1.672551e+01	198	2.542892e+01	43	1.147175e+01	3438
10020		2.189747e+01	19	3.433255e+00	2301	1.174472e+01	814
10023		8.644013e+00	1141	2.240175e+01	169	1.396944e+01	1057
10037		1.504253e+01	263	8.580369e+00	1319	1.108497e+01	1977
10043		1.726896e+01	107	1.227908e+01	2494	3.786682e+01	7
10060		4.819457e+00	582	1.735492e+01	133	1.553562e+01	255
10062		6.762701e+00	644	1.040337e+01	449	1.202895e+01	399
10107		2.058078e+01	225	3.523016e+01	51	3.130333e+01	115
10130		4.459037e+00	1068	2.849028e+01	17	7.381953e+00	1231
10140		1.324480e+01	106	1.050089e+01	2271	1.025442e+01	3137
10156		6.336533e+00	1012	1.171224e+01	342	6.225061e+00	1514
10167		1.913770e+01	1216	1.982237e+01	1534	5.278259e+01	7
10178		2.814690e+01	8	2.348198e+01	61	1.946082e+01	682
10209		1.494817e+01	30	2.092561e+01	1486	2.081136e+01	2222
10227		2.411387e+01	110	1.955840e+01	262	2.773830e+01	55
10237		1.167129e+01	116	9.726821e+00	657	1.064692e+01	3498
10244		3.501374e+01	6	3.600119e+01	32	2.077166e+01	331
10250		1.436217e+01	294	1.457131e+01	205	6.930113e+00	2698
10252		5.166075e+00	1531	1.175160e+01	302	8.645505e+00	2331
10255		4.157633e+01	1	8.290629e+00	3176	1.259349e+01	845
10263		9.734093e+00	545	7.917669e+00	672	6.981594e+00	2545
10272		1.175387e+01	310	7.005854e+00	1916	1.975157e+01	69
10277		1.500397e+01	262	1.601062e+01	442	1.297852e+01	2080
10303		1.215500e+01	260	1.418057e+01	579	1.260023e+01	459
10305		3.759999e+01	28	1.657738e+01	154	9.480140e+00	961
10313		3.293969e+01	4	2.502899e+01	101	1.451248e+01	1820
10335		7.448409e+00	1619	1.161562e+01	1152	1.441651e+01	1361
10359		5.870712e+00	568	2.574136e+01	119	3.390485e+01	70
10374		2.546490e+01	18	8.826288e+00	2250	1.172683e+01	2105
10396		1.047856e+01	133	9.626795e+00	1992	8.788553e+00	2710
10398		4.103504e+01	21	1.083203e+01	3001	1.084250e+01	2234
10413		2.201889e+01	17	7.859729e+00	1849	1.074582e+01	2330
10417		1.000362e+01	517	1.097493e+01	532	8.504820e+00	1343
10418		9.693757e+00	787	2.542006e+01	47	8.469287e+00	2940
10428		1.056735e+01	529	1.025666e+01	961	1.605955e+01	154
10432		8.233280e+00	373	2.975201e+01	19	3.491455e+01	3
10437		6.779619e+00	1232	7.822035e+00	1393	7.646067e+00	2951
10445		7.970932e+00	2117	3.517791e+01	12	2.050053e+01	180
10446		6.233566e+00	1802	1.003028e+01	997	1.009385e+01	1050
10465		1.014744e+01	324	6.488238e+00	1640	8.482470e+00	1783
10489		9.706933e+00	574	1.808367e+01	433	1.491444e+01	859
10496		1.358636e+01	241	1.942575e+01	52	1.657454e+01	367
10512		7.972244e+00	615	9.093905e+00	334	1.810576e+01	182
10516		4.480938e+01	1	1.666631e+01	1355	1.510118e+01	3167
10537		3.068183e+01	12	1.023016e+01	834	9.144745e+00	2117
10560		2.317092e+01	70	1.241581e+01	944	1.144794e+01	2816
10579		3.251501e+01	18	1.181935e+01	1491	1.630881e+01	494
10584		2.809017e+01	106	1.604715e+01	406	2.609690e+01	205
10599		8.220192e+00	1365	1.324580e+01	204	2.303109e+01	226
10603		1.249161e+01	300	4.194176e+01	61	3.833158e+01	11
10617		7.705556e+00	2414	1.199603e+01	878	1.358290e+01	557
10640		2.502115e+01	26	1.278605e+01	2716	1.680428e+01	2489
10649		8.307757e+00	3550	1.126649e+01	1319	1.248116e+01	2059
10652		6.951357e+00	1393	2.079228e+01	79	6.692562e+00	2087
10653		8.266853e+00	163	2.257752e+01	317	1.436743e+01	3361
10656		1.159323e+01	1366	1.343113e+01	1038	2.348032e+01	679
10669		1.500673e+01	22	1.764411e+01	2506	2.036470e+01	2177
10691		4.981521e+00	1764	1.749147e+01	73	1.709140e+01	613
10702		4.470776e+00	1158	5.100469e+00	1169	3.226871e+01	72
10703		3.992789e+00	3093	1.679255e+01	203	8.939369e+00	3531
10732		1.133471e+01	489	5.103512e+01	2	8.867702e+00	2257
10744		1.654798e+01	137	5.570894e+00	2756	7.825687e+00	1484
10763		1.540316e+01	224	1.687281e+01	277	3.114819e+01	17
10776		4.535718e+00	799	2.096917e+01	66	2.302950e+01	210
10780		8.014861e+00	1279	1.344352e+01	351	5.187114e+01	49
10781		9.783398e+00	315	3.313461e+01	19	1.407668e+01	373
10790		7.586258e+00	242	1.792141e+01	422	1.999678e+01	222
10809		1.263504e+01	355	1.071675e+01	894	1.557030e+01	1910
10813		1.038613e+01	921	7.024942e+00	2410	7.115979e+00	3227
10818		2.986636e+01	38	1.736954e+01	556	2.170938e+01	435
10823		1.659487e+01	156	1.208795e+01	2044	1.108716e+01	2664
10830		3.907707e+01	3	8.589424e+00	1153	1.942670e+01	193
10832		8.662980e+00	1137	8.629728e+00	1392	1.126479e+01	629
10837		3.692325e+01	15	9.089148e+00	2954	1.347917e+01	798
10839		2.283179e+01	19	1.706244e+01	373	3.836637e+01	3
10870		3.518980e+00	2313	6.271097e+00	1123	8.459913e+00	304
10877		5.384038e+00	1611	8.148666e+00	419	1.809752e+01	172
10880		4.438726e+00	2800	2.103744e+01	242	1.859350e+01	159
10885		3.602809e+01	1	2.359367e+01	49	9.828773e+00	2910
10895		2.821164e+01	7	1.435108e+01	2402	4.324978e+01	15
10898		3.922480e+00	1656	1.940998e+01	29	1.767647e+01	200
10901		9.918429e+00	395	2.157528e+01	95	7.835511e+00	2137
10902		9.214027e+00	324	4.882872e+00	3041	2.523137e+01	36
10913		1.592247e+01	22	1.309246e+01	1933	1.749553e+01	605
10916		5.629657e+00	810	7.790329e+00	774	7.550155e+00	2650
10919		4.003857e+00	419	6.092989e+00	2867	1.162976e+01	461
10927		2.184758e+01	31	9.726883e+00	490	6.615614e+00	2662
10941		5.433551e+00	3193	9.761751e+00	3204	3.043583e+01	111
10950		1.474217e+01	155	3.758780e+01	24	2.229938e+01	635
10952		1.224913e+01	153	9.159271e+00	3590	1.578819e+01	609
10971		8.659679e+00	1075	2.000692e+01	92	5.657623e+00	3461
11002		3.536954e+00	1633	1.008626e+01	1327	1.333810e+01	603
11011		5.940043e+00	454	1.020507e+01	509	1.513796e+01	299
11024		1.981908e+01	29	2.565066e+01	32	1.651460e+01	1312
11026		1.148493e+01	113	1.690905e+01	198	1.322301e+01	2240
11027		3.963311e+01	3	9.763789e+00	2201	2.186981e+01	354
11062		4.817065e+01	8	4.591981e+00	1612	3.170348e+01	53
11064		3.535122e+00	1648	3.207263e+01	12	5.422881e+00	3671
11071		2.143935e+01	112	1.132791e+01	1314	9.212601e+00	3298
11111		2.028182e+01	42	9.097642e+00	748	2.020948e+01	117
11113		2.768905e+01	62	1.042634e+01	1911	1.051223e+01	1636
11135		1.817162e+01	34	2.234483e+01	12	2.483955e+01	120
11155		4.255130e+00	3296	1.135514e+01	279	1.880429e+01	670
11166		1.949842e+01	38	1.426828e+01	1410	1.888444e+01	346
11177		1.595663e+01	113	2.845627e+01	31	1.247180e+01	3362
11181		2.973939e+01	6	7.142501e+00	1849	8.591275e+00	2330
11183		2.689555e+01	14	7.742940e+00	1830	8.250200e+00	3017
11194		5.256243e+00	1942	1.094242e+01	1349	1.236616e+01	1258
11222		4.579652e+00	930	6.929261e+00	2277	5.826885e+01	1
11239		2.480690e+01	56	1.668123e+01	803	4.140738e+01	43
11246		1.429507e+01	33	3.007236e+01	30	1.865758e+01	736
11292		1.981865e+01	73	1.436075e+01	337	1.683459e+01	327
11304		1.726288e+01	110	2.334911e+01	34	1.625560e+01	479
11311		2.315020e+01	28	7.803701e+00	3596	2.139438e+01	290
11328		2.291100e+01	26	9.536957e+00	1629	9.947060e+00	2883
11329		1.168007e+01	643	2.044547e+01	220	5.188185e+01	6
11351		4.228135e+01	11	4.383849e+01	2	1.487869e+01	3458
11354		1.965191e+01	22	1.630703e+01	619	1.898956e+01	605
11359		9.878876e+00	1474	1.323185e+01	942	1.426966e+01	2088
11388		1.759658e+01	718	2.676077e+01	58	1.547882e+01	910
11405		1.739897e+01	52	1.238243e+01	415	1.207523e+01	973
11411		1.351502e+01	314	1.230861e+01	449	7.837031e+00	1181
11423		1.338918e+01	186	9.948776e+00	1352	3.035104e+01	25
11452		2.372472e+01	118	1.894501e+01	72	2.399688e+01	124
11461		6.575892e+00	660	1.612611e+01	766	8.301121e+00	3163
11467		1.099837e+01	134	1.782594e+01	639	1.585277e+01	1703
11470		1.846986e+01	118	1.219676e+01	3204	2.791624e+01	72
11478		5.586824e+00	2573	1.666958e+01	208	9.861316e+00	1626
11482		2.298926e+01	94	1.443982e+01	491	8.518961e+00	2150
11494		2.808555e+01	23	2.020979e+01	410	1.720570e+01	2298
11519		5.501531e+00	1300	9.183903e+00	384	8.656435e+00	2998
11537		7.788245e+00	392	9.810177e+00	1360	1.464237e+01	329
11540		4.603494e+00	745	5.241807e+00	1598	9.887361e+00	861
11569		2.795557e+01	5	1.281805e+01	1025	1.616651e+01	958
11612		2.923306e+01	28	1.658114e+01	1015	1.351735e+01	3550
11632		1.088225e+01	564	1.993885e+01	85	1.359837e+01	1057
11644		9.403547e+00	447	6.564235e+00	2570	1.424629e+01	409
11652		1.817328e+01	56	1.558887e+01	714	3.091314e+01	23
11683		7.409719e+00	838	1.530023e+01	149	1.366509e+01	1818
11690		1.512960e+01	92	1.877931e+01	374	1.581763e+01	1051
11735		1.516039e+01	94	9.601015e+00	512	1.185607e+01	1456
11754		8.873465e+00	441	5.782659e+00	1432	5.537169e+00	2308
11758		6.249590e+00	400	2.109714e+01	42	1.470085e+01	840
11760		5.276901e+00	397	8.696374e+00	850	1.853291e+01	97
11765		1.373289e+01	88	5.276769e+01	4	1.407030e+01	1582
11770		1.833191e+01	411	1.608956e+01	794	1.676359e+01	683
11779		4.700968e+01	6	1.281712e+01	260	9.232111e+00	1895
11814		6.738255e+00	1499	8.756961e+00	460	7.047074e+00	1632
11815		1.644752e+01	22	8.231996e+00	605	1.470113e+01	2772
11817		1.032504e+01	733	7.106905e+00	2056	3.868475e+01	10
11823		1.081247e+01	1358	1.594008e+01	453	2.196126e+01	181
11842		2.301357e+01	35	2.115221e+01	254	4.043775e+01	5
11846		8.685518e+00	1096	1.094239e+01	269	2.045104e+01	158
11852		8.796668e+00	492	1.122614e+01	2158	2.576278e+01	239
11869		5.519957e+00	1686	1.390192e+01	1330	4.272334e+01	69
11871		1.254565e+01	351	8.747435e+00	2770	2.412316e+01	80
11889		1.631587e+01	274	2.926000e+01	112	1.480935e+01	1255
11893		3.697724e+01	6	1.115484e+01	2171	1.851361e+01	565
11921		8.680474e+00	316	1.699798e+01	426	5.832289e+01	11
11931		3.257928e+01	12	6.229841e+00	2065	1.713693e+01	205
11934		3.752502e+01	1	2.680724e+01	49	4.989193e+01	4
11951		1.301584e+01	160	7.553483e+00	1500	9.308701e+00	3231
11972		2.152184e+01	172	4.333784e+00	3615	2.357289e+01	133
11993		3.641369e+01	6	1.019097e+01	866	1.395805e+01	1055
12014		7.995705e+00	873	1.374341e+01	1602	1.800809e+01	427
12015		4.371314e+00	3280	7.941453e+00	2944	2.444825e+01	238
12024		1.314588e+01	100	1.127228e+01	1018	2.283048e+01	122
12049		4.574614e+01	3	1.259162e+01	556	9.029156e+00	1714
12070		7.459306e+00	328	9.711862e+00	3524	1.182520e+01	2159
12072		1.637446e+01	57	2.565548e+01	39	1.733777e+01	953
12091		4.721041e+01	1	9.823719e+00	2589	2.395889e+01	172
12102		1.029728e+01	243	9.110098e+00	2838	1.216945e+01	1945
12129		2.498659e+01	43	2.665917e+01	27	1.177446e+01	3537
12137		9.654919e+00	778	1.325837e+01	2113	1.714802e+01	455
12139		1.567923e+01	40	1.190341e+01	856	8.790818e+00	3658
12170		9.288461e+00	320	4.944718e+00	3556	5.552388e+00	3560
12175		1.655538e+01	453	1.276774e+01	1650	1.402434e+01	3205
12188		1.981488e+01	19	1.244827e+01	477	1.464061e+01	956
12195		3.031855e+01	14	2.260166e+01	222	1.828929e+01	706
12218		2.142482e+01	135	4.029404e+01	1	1.226909e+01	1719
12219		1.050905e+01	1802	1.144387e+01	2093	1.219245e+01	1301
12234		1.986383e+01	70	1.048275e+01	1732	1.293701e+01	873
12238		3.488536e+00	1512	1.140589e+01	433	1.352626e+01	561
12244		1.766060e+01	43	1.395849e+01	1735	1.099865e+01	3537
12254		1.078739e+01	1334	3.163182e+01	83	2.290280e+01	148
12274		1.489508e+01	196	3.348877e+01	22	6.596691e+01	4
12284		3.524251e+01	1	1.252785e+01	3156	4.672577e+01	8
12313		2.730032e+01	47	6.340309e+00	2940	1.408265e+01	787
12319		4.072523e+00	1246	2.492624e+00	3359	6.498927e+00	2792
12323		3.638447e+01	15	1.594329e+01	155	8.682733e+00	2897
12332		1.819946e+01	396	1.781776e+01	264	1.213506e+01	859
12336		1.801331e+01	46	1.236303e+01	469	7.024043e+00	3229
12346		7.255547e+00	961	9.385224e+00	2882	1.678346e+01	529
12365		2.417329e+01	22	1.760165e+01	196	1.176278e+01	2613
12392		2.245960e+01	78	2.489635e+01	74	1.271833e+01	2167
12404		4.782852e+00	2995	8.547358e+00	2999	5.777889e+01	5
12408		7.725260e+00	1010	8.928288e+00	1600	1.382084e+01	460
12413		2.484394e+01	37	1.629897e+01	314	1.312778e+01	2129
12424		3.071760e+01	228	5.771280e+01	1	4.304644e+01	53
12440		1.076497e+01	594	1.308104e+01	207	7.828957e+00	1000
12463		1.676673e+01	17	5.805344e+01	1	2.315619e+01	1326
12487		1.463634e+01	159	5.730292e+00	1545	4.800322e+01	4
12512		1.161728e+01	289	8.780371e+00	1683	1.251476e+01	718
12521		1.353718e+01	48	1.900442e+01	275	1.690487e+01	642
12526		2.692326e+01	35	1.195421e+01	343	6.912458e+00	3003
12536		7.708400e+00	1602	7.072703e+00	2539	1.256978e+01	993
12547		7.734632e+00	599	7.845305e+00	3144	1.879461e+01	255
12549		6.470517e+00	824	1.762782e+01	141	1.802365e+01	88
12558		2.622184e+01	19	1.466444e+01	373	1.479339e+01	814
12559		1.877560e+01	227	2.044375e+01	348	1.585553e+01	1125
12591		5.168556e+00	321	8.937124e+00	983	1.053863e+01	3591
12596		7.776107e+00	668	5.645016e+00	3000	1.341258e+01	653
12599		2.668858e+01	5	9.559358e+00	1748	1.017374e+01	2542
12625		2.785954e+01	49	3.555129e+01	1	1.165636e+01	2223
12632		2.804556e+01	7	1.723166e+01	2503	2.051158e+01	548
12638		9.743422e+00	2884	1.968220e+01	250	1.168250e+01	2490
12652		1.343433e+01	455	8.654556e+00	1306	9.538179e+00	1342
12674		7.717706e+00	447	1.299658e+01	409	1.062971e+01	1785
12684		1.680097e+01	69	1.538285e+01	191	1.530367e+01	3512
12689		2.936743e+01	34	3.111795e+01	12	9.014704e+00	2906
12690		7.692489e+00	1846	6.349691e+00	3166	1.438477e+01	622
12692		1.027676e+01	174	8.916025e+00	499	8.113216e+00	2030
12718		2.780041e+01	9	1.090762e+01	1637	2.817180e+01	33
12724		3.590229e+01	19	1.137531e+01	523	1.778987e+01	405
12736		2.629705e+01	34	1.402329e+01	509	2.099406e+01	149
12741		6.060716e+00	281	6.474297e+00	3201	1.214047e+01	924
12772		1.749629e+01	37	1.994882e+01	265	2.284788e+01	46
12784		3.582155e+01	3	8.573968e+00	775	1.625270e+01	232
12808		9.825406e+00	1881	2.405463e+01	274	2.761215e+01	67
12811		1.057671e+01	455	1.392571e+01	778	1.077270e+01	1306
12824		4.380502e+00	873	2.761660e+01	70	1.416892e+01	3412
12825		1.123852e+01	309	7.015306e+00	2094	1.745569e+01	315
12836		2.928189e+01	24	2.299355e+01	50	1.200586e+01	3689
12841		4.278248e+01	4	1.128486e+01	1960	1.796830e+01	1582
12846		2.402014e+01	133	1.327685e+01	1372	2.651238e+01	75
12863		1.343442e+01	312	1.121280e+01	984	1.004316e+01	2388
12868		6.033333e+00	329	8.659265e+00	1795	9.980105e+00	1360
12879		2.491611e+01	242	1.096301e+01	920	3.880070e+01	2
12897		1.805321e+01	46	2.532757e+01	37	2.219675e+01	265
12907		1.287707e+01	44	1.364618e+01	1203	2.073635e+01	1004
12910		9.894974e+00	2071	1.198634e+01	1055	3.691257e+01	6
12911		3.803537e+01	43	1.417284e+01	1538	2.120687e+01	271
12916		4.591605e+00	2994	7.998025e+00	1636	3.088652e+01	62
12961		4.251838e+01	14	1.378941e+01	666	1.263123e+01	2014
12970		3.286865e+01	13	1.165192e+01	511	9.853117e+00	2255
13000		8.192171e+00	237	8.503528e+00	2775	9.268158e+00	2776
13022		2.421848e+01	18	1.072852e+01	2562	1.284246e+01	2250
13025		2.268710e+01	41	1.237792e+01	378	1.384401e+01	773
13026		2.960211e+01	13	2.546084e+01	87	1.394327e+01	681
13027		3.516357e+01	24	8.974741e+00	571	1.438245e+01	1342
13042		3.791062e+01	1	2.468810e+01	49	1.826328e+01	896
13051		1.726426e+01	22	1.517593e+01	1006	1.770682e+01	605
13099		7.296167e+00	2580	1.032684e+01	1986	1.768979e+01	1053
13100		1.165834e+01	618	1.236240e+01	1436	2.387878e+01	396
13113		2.509108e+01	6	9.917676e+00	3690	1.723359e+01	2328
13118		9.370176e+00	842	8.673584e+00	1906	2.000702e+01	366
13142		5.728477e+00	1730	9.126796e+00	2529	7.537602e+00	3328
13154		7.149343e+00	423	1.055797e+01	2259	1.421293e+01	354
13192		2.560123e+01	46	1.477039e+01	469	1.452909e+01	338
13196		7.509657e+00	731	1.461098e+01	110	2.268218e+01	34
13201		1.298746e+01	79	3.162175e+00	2967	2.871566e+01	21
13230		4.613558e+01	1	2.542715e+01	17	2.079407e+01	1326
13240		2.827634e+01	15	2.398712e+01	48	8.184131e+00	2767
13276		1.762964e+01	31	2.035988e+01	113	1.697541e+01	939
13291		2.154553e+00	2561	1.766396e+01	59	6.892715e+00	2465
13293		7.939638e+00	238	1.446937e+01	252	1.196167e+01	2924
13335		2.381930e+01	31	1.040839e+01	938	1.159498e+01	1336
13347		1.578666e+01	216	8.461173e+00	2560	3.169352e+01	52
13361		5.084658e+01	7	6.388447e+00	3692	1.322461e+01	566
13375		1.132542e+01	149	1.724983e+01	299	2.527531e+01	180
13377		6.782718e+00	926	3.103292e+01	6	2.316234e+01	228
13398		1.274218e+01	266	1.729652e+01	44	1.533053e+01	287
13405		1.231161e+01	295	2.510718e+01	12	1.240957e+01	1953
13414		3.006759e+01	14	7.655425e+00	706	2.255856e+01	222
13426		3.364681e+00	3572	1.743134e+01	290	3.160021e+01	28
13427		7.235232e+00	2902	1.240330e+01	1310	3.872869e+01	37
13436		2.022109e+01	36	8.258571e+00	2809	1.085669e+01	3419
13439		4.070485e-01	3656	2.650668e+00	3662	7.050589e+00	712
13442		2.827591e+00	2618	5.490731e+00	1217	1.528265e+01	640
13456		1.705250e+01	715	1.213198e+01	2377	2.074511e+01	339
13461		2.079060e+01	36	9.816397e+00	2050	1.470477e+01	867
13483		4.715770e+00	3314	2.607717e+01	84	8.212190e+00	1906
13487		1.041221e+01	2459	1.308472e+01	1198	1.983241e+01	430
13497		9.111148e+00	352	7.088822e+00	1823	7.750363e+00	2637
13528		7.844325e+00	747	1.152505e+01	311	1.192913e+01	632
13558		2.431686e+01	6	1.681450e+01	2328	1.883121e+01	3696
13559		1.805364e+01	493	1.350886e+01	634	4.325027e+01	3
13594		2.262708e+01	2	2.053748e+01	2232	2.064257e+01	3393
13597		5.652902e+00	3000	1.332099e+01	653	1.395192e+01	668
13622		2.508460e+01	25	9.047326e+00	2110	1.372828e+01	726
13638		9.099338e+00	2277	1.529889e+01	322	8.386368e+00	2730
13686		1.660909e+01	137	8.491277e+00	3318	3.434294e+01	35
13688		5.885448e+00	1065	1.471809e+01	109	7.245238e+00	3321
13695		1.650821e+01	28	1.488138e+01	808	1.516544e+01	2579
13713		6.333870e+00	2609	1.406867e+01	392	9.234716e+00	1453
13715		2.099539e+01	51	1.651288e+01	190	1.541116e+01	1579
13717		1.631573e+01	162	3.438693e+01	8	2.614805e+01	99
13718		1.184505e+01	345	1.335180e+01	1130	3.741733e+01	20
13720		4.377787e+01	2	9.423685e+00	496	1.296628e+01	1389
13745		4.797459e+01	5	9.488081e+00	2250	3.457157e+01	18
13756		9.431913e+00	529	1.604837e+01	154	1.601924e+01	628
13773		5.953434e+00	1677	9.488178e+00	1278	1.452964e+01	390
13776		2.569065e+01	30	1.893101e+01	112	2.566253e+01	67
13777		5.195554e+01	21	6.453781e+00	3450	1.404624e+01	2661
13787		2.150923e+01	63	1.260386e+01	171	3.025350e+01	21
13788		3.341895e+01	25	2.122790e+01	214	1.306274e+01	2693
13817		1.379397e+01	397	2.353420e+01	126	8.037269e+00	3378
13828		4.745847e+00	2552	8.601924e+00	2551	2.845268e+01	58
13832		1.693438e+01	95	9.469254e+00	1505	1.351716e+01	485
13847		6.794040e+00	683	5.400941e+00	3637	9.096650e+00	1333
13851		6.189994e+00	1521	1.520298e+01	151	2.499104e+01	58
13863		5.488015e+00	2131	1.168910e+01	488	1.348328e+01	370
13870		1.117145e+01	851	7.657651e+00	2122	8.093833e+00	1992
13873		5.013446e+00	3341	2.322800e+01	109	1.930710e+01	73
13875		1.534282e+01	112	6.389754e+00	2528	1.528761e+01	274
13889		8.351770e+00	3581	1.120358e+01	3107	1.175361e+01	2575
13891		3.324812e+01	1	7.953478e+00	2280	1.382244e+01	1724
13905		1.340964e+01	88	4.080698e+01	16	6.650881e+01	4
13908		2.500333e+01	29	1.609877e+01	2765	2.882767e+01	200
13918		2.913482e+01	108	2.261317e+01	455	1.612389e+01	2113
13924		1.513182e+01	792	2.023734e+01	188	2.011829e+01	590
13933		8.815751e+00	790	3.784522e+00	1746	7.748763e+00	2436
13942		1.054244e+01	694	1.095980e+01	982	2.879731e+01	39
13990		6.570634e+00	2571	7.782004e+00	2316	8.784117e+00	3567
14006		2.970493e+01	7	1.270850e+01	424	2.810012e+01	15
14008		2.765958e+00	3270	1.080164e+01	651	9.654586e+00	329
14039		6.449829e+00	1142	3.787808e+01	36	1.632634e+01	520
14044		1.266124e+01	454	3.539227e+01	12	2.382600e+01	299
14067		1.533348e+01	53	4.543857e+01	8	1.359116e+01	3154
14068		1.925127e+01	104	7.220371e+00	1850	2.697024e+01	238
14082		3.825196e+01	1	2.625816e+01	135	3.846614e+01	8
14093		1.716453e+01	34	1.848040e+01	299	2.100743e+01	454
14099		1.396344e+01	79	2.682161e+01	21	9.352760e+00	2967
14107		3.054618e+01	7	1.177992e+01	1957	1.270568e+01	1899
14136		6.763640e+00	2627	1.199713e+01	629	2.315061e+01	100
14138		2.973379e+01	5	5.075729e+00	1338	1.370599e+01	1750
14145		4.341689e+00	1107	1.335469e+01	848	1.178156e+01	877
14151		8.112002e+00	2072	4.893222e+01	1	3.167296e+01	22
14161		2.024270e+01	26	1.104364e+01	2716	1.372108e+01	2489
14165		1.220376e+01	150	1.938703e+01	35	6.902548e+00	3348
14171		4.508032e+00	1939	2.108116e+01	122	1.994735e+01	309
14180		6.690999e+00	1587	1.961568e+01	224	4.348132e+01	15
14236		9.441082e+00	1738	1.407060e+01	423	8.342030e+00	2259
14238		4.587068e+01	1	4.033043e+01	17	1.329596e+01	1652
14254		1.421020e+01	874	7.445054e+00	3472	2.449700e+01	114
14258		3.993372e+00	1700	4.513083e+01	1	7.270650e+00	1758
14265		1.981825e+01	244	9.700067e+00	1522	1.094148e+01	426
14311		3.978352e+01	3	1.803746e+01	362	1.797118e+01	1940
14313		6.708911e+00	2246	1.155958e+01	1066	7.304339e+00	3470
14319		2.024756e+01	22	1.428142e+01	196	1.268218e+01	1933
14325		1.660740e+01	96	5.226859e+00	3032	8.396780e+00	867
14349		6.577745e+00	2490	2.117107e+01	208	2.837465e+01	24
14357		1.018650e+01	224	5.084832e+00	1793	1.655427e+01	277
14372		1.238845e+01	66	1.775389e+01	276	2.061157e+01	210
14377		2.067158e+01	80	1.006396e+01	1210	1.224840e+01	2519
14380		8.882606e+00	240	1.346021e+01	284	1.197628e+01	636
14383		9.997753e+00	508	1.250141e+01	251	1.304343e+01	357
14384		7.109502e+00	2877	9.951695e+00	1414	1.638042e+01	250
14391		3.588835e+00	2412	3.091737e+01	22	1.156397e+01	1095
14400		6.037679e+00	1179	8.007303e+00	1529	1.767214e+01	565
14405		3.905100e+01	4	8.925103e+00	3323	3.748675e+01	105
14424		5.214516e+01	8	9.347856e+00	2064	1.377530e+01	699
14431		2.627850e+01	5	1.206446e+01	3037	1.543148e+01	1594
14445		2.393343e+01	135	3.360040e+01	8	2.859407e+01	53
14449		9.784683e+00	439	1.103372e+01	1851	2.122178e+01	55
14455		2.478670e+00	1324	1.404404e+01	413	1.050772e+01	2592
14456		2.866553e+01	39	2.379107e+01	57	2.339874e+01	50
14497		9.626605e+00	2016	1.988118e+01	284	2.217584e+01	679
14525		4.476899e+00	810	2.731604e+01	73	9.688841e+00	2650
14548		3.078577e+01	23	6.656019e+00	3063	9.393629e+00	3449
14560		4.549092e+01	11	1.188466e+01	316	5.706121e+01	2
14580		7.920325e+00	505	5.933913e+00	3251	1.040419e+01	1677
14607		7.437957e+00	3582	9.358234e+00	2568	2.144254e+01	593
14619		1.753645e+01	103	1.033542e+01	1002	1.752881e+01	775
14624		2.026146e+01	52	1.632886e+01	305	3.382808e+01	9
14639		1.820274e+01	189	3.350215e+01	19	9.558727e+00	2142
14659		2.397741e+01	37	1.531675e+01	265	9.784287e+00	3272
14675		7.508289e+00	1632	1.204119e+01	460	9.457403e+00	3226
14695		2.899048e+01	6	1.968505e+01	1067	2.194811e+01	692
14700		6.075538e+00	1595	7.481179e+00	763	3.220454e+01	136
14709		1.004106e+01	390	7.390533e+00	1063	1.395253e+01	420
14711		5.816956e+01	1	1.539232e+01	991	1.432043e+01	2072
14717		8.095588e+00	348	7.676502e+00	1773	1.546643e+01	312
14726		4.516246e+00	1425	2.130090e+01	109	2.260035e+01	64
14766		1.813000e+01	91	1.121830e+01	2120	1.549539e+01	751
14801		9.617700e+00	658	1.635091e+01	274	1.949144e+01	630
14805		7.762653e+00	395	1.483515e+01	587	1.168581e+01	821
14814		1.321334e+01	613	5.399476e+01	3	1.929108e+01	259
14817		3.011142e+01	28	1.446102e+01	1015	1.469414e+01	1253
14857		5.174186e+00	1257	9.884751e+00	158	8.747079e+00	3358
14861		9.687850e+00	632	2.581229e+01	47	1.403075e+01	970
14883		7.445997e+00	1190	1.597322e+01	827	1.292031e+01	3536
14884		1.677867e+01	97	1.512660e+01	2981	2.008057e+01	915
14900		1.596262e+01	333	1.207491e+01	1423	1.987034e+01	787
14926		1.489263e+01	463	3.518826e+01	30	1.876576e+01	532
14930		1.305311e+01	431	1.548784e+01	569	1.170527e+01	1915
14951		9.577883e+00	352	1.863129e+01	177	6.862339e+00	2435
14952		1.625144e+01	37	1.388995e+01	611	1.286911e+01	2918
14957		6.566212e+00	1147	7.438416e+00	3015	1.333941e+01	769
14970		1.530638e+01	38	1.724150e+01	1740	1.995633e+01	1162
14973		8.005262e+00	946	2.650490e+01	36	1.244045e+01	1114
14992		1.184200e+01	797	1.673599e+01	319	1.639798e+01	423
15012		1.045792e+01	290	1.016568e+01	2321	2.675604e+01	28
15014		8.245836e+00	667	1.335255e+01	203	1.534901e+01	199
15017		1.575363e+01	52	2.067914e+01	116	1.135274e+01	657
15022		5.338959e+00	2270	2.123607e+01	106	7.332752e+00	1985
15028		1.015838e+01	210	1.855532e+01	66	2.829155e+01	36
15043		4.942340e+00	2037	1.527179e+01	102	1.216531e+01	863
15053		3.021534e+01	1	1.615530e+01	2280	4.379505e+01	49
15066		2.704650e+01	30	1.548246e+01	542	1.520015e+01	2332
15070		1.509918e+00	2719	3.035628e+01	65	1.806771e+01	81
15072		1.759992e+01	208	7.780146e+00	2490	3.104242e+01	24
15075		9.047751e+00	891	8.110997e+00	2529	6.555820e+00	3315
15089		8.342605e+00	322	3.602466e+00	3703	1.142998e+01	602
15137		4.264555e+01	2	3.269208e+01	58	2.100517e+01	1265
15159		8.758726e+00	996	1.079712e+01	275	1.394310e+01	701
15171		1.356875e+01	201	3.834778e+01	33	1.703336e+01	772
15183		2.371531e+01	51	2.652291e+01	170	3.176670e+01	225
15206		3.797643e+00	1569	1.019643e+01	1391	2.557559e+01	206
15240		6.097793e+00	967	1.039983e+01	371	1.411216e+01	1248
15255		1.006799e+01	457	1.626547e+01	192	1.423306e+01	810
15264		6.551093e+00	1041	2.199558e+01	18	1.260798e+01	1836
15270		1.231427e+01	476	1.043264e+01	743	1.621362e+01	354
15319		2.734937e+01	12	2.135399e+01	34	1.227518e+01	900
15368		2.512510e+00	1441	9.286951e+00	749	6.765805e+00	2791
15380		7.034679e+00	312	1.443874e+01	348	1.142966e+01	984
15429		3.685873e+01	15	1.019174e+01	1084	1.940934e+01	314
15434		1.075161e+01	142	1.484040e+01	3472	2.384863e+01	130
15440		3.105057e+01	20	8.392602e+00	2025	2.036032e+01	612
15448		1.016116e+01	2846	1.496203e+01	1106	1.800528e+01	261
15456		4.520094e+00	785	3.560707e+00	3163	5.321341e+00	3663
15458		4.108302e+01	15	8.500321e+00	2954	8.013173e+00	3308
15465		3.544339e+01	36	9.159911e+00	1142	1.751632e+01	520
15481		1.331502e+01	99	1.433214e+01	546	1.035951e+01	3564
15518		7.414814e+00	381	2.218864e+01	36	1.361126e+01	687
15525		7.406169e+00	560	1.328998e+01	206	1.286628e+01	1876
15537		1.456060e+01	51	1.124904e+01	1006	2.953127e+01	22
15539		1.285975e+01	93	4.377870e+01	21	1.365690e+01	2626
15546		7.197187e+00	1007	1.033286e+01	408	7.198027e+00	2834
15556		4.969601e+01	1	2.682325e+01	228	1.329868e+01	1104
15623		4.052155e+00	2747	4.958491e+01	24	2.598072e+01	37
15636		3.496319e+00	3599	2.367985e+01	57	2.710269e+01	77
15642		8.928075e+00	1684	1.050064e+01	1114	1.226229e+01	673
15661		1.304089e+01	86	1.227891e+01	1628	1.609253e+01	481
15688		1.517882e+01	146	7.441796e+00	1016	9.529815e+00	3665
15695		1.187406e+01	3696	3.334793e+01	6	2.019830e+01	228
15736		1.411762e+01	82	7.755168e+00	2472	1.102444e+01	1339
15829		1.769588e+01	136	1.201934e+01	2053	1.302560e+01	2677
15870		1.037695e+01	399	1.325204e+01	314	1.353859e+01	1186
15900		2.351505e+01	71	2.614117e+01	106	1.143564e+01	1524
15906		1.825742e+01	59	9.271700e+00	1430	1.001442e+01	2683
15910		1.186911e+01	405	1.358414e+01	523	1.229208e+01	401
15934		1.030635e+01	881	1.539115e+01	249	2.501212e+01	126
15943		9.110977e+00	2128	2.887836e+01	175	2.273777e+01	215
16039		3.299002e+01	10	2.545629e+01	54	1.121235e+01	3435
16055		7.580478e+00	1101	1.454656e+01	1045	9.646584e+00	2209
16098		1.911946e+01	58	1.427747e+01	1521	1.758400e+01	994
16109		1.087043e+01	366	1.140005e+01	1085	1.510701e+01	842
16110		1.860895e+01	40	1.161612e+01	1373	7.791047e+00	3122
16157		2.163013e+00	2467	1.937667e+01	121	3.226800e+01	20
16174		2.313124e+01	22	1.072007e+01	196	1.210582e+01	1933
16197		2.959348e+01	40	1.434882e+01	529	1.230073e+01	961
16198		2.263948e+01	35	3.493250e+01	5	1.098555e+01	2451
16203		3.237435e+01	41	3.450619e+01	43	1.938684e+01	378
16222		1.199360e+01	249	1.524614e+01	531	1.789545e+01	356
16245		5.818212e+00	1032	1.621161e+01	287	1.891540e+01	266
16250		1.541668e+01	132	2.335240e+01	99	1.190136e+01	546
16258		6.960383e+00	236	1.916631e+01	393	1.274525e+01	2640
16269		3.311800e+00	1587	5.765654e+01	4	2.256891e+01	224
16301		4.043976e+01	4	1.042462e+01	596	2.052173e+01	129
16315		8.831608e+00	247	1.741145e+01	89	1.155141e+01	1927
16352		9.638588e+00	272	1.620811e+01	1156	1.456756e+01	1672
16353		1.190048e+01	538	9.721108e+00	1251	7.548403e+00	3339
16362		1.588051e+01	79	8.403831e+00	1034	2.532925e+01	115
16396		1.159652e+01	1203	1.496836e+01	1004	2.729556e+01	44
16417		1.175017e+01	727	3.776999e+01	60	1.429630e+01	2742
16430		1.923795e+01	66	1.904124e+01	276	2.245172e+01	20
16434		1.246871e+01	513	1.247290e+01	1583	1.044416e+01	2787
16451		8.141456e+00	371	1.230748e+01	779	9.872204e+00	967
16452		1.207492e+01	384	1.292689e+01	1300	8.501004e+00	2998
16453		1.374957e+01	91	7.859367e+00	3169	1.339050e+01	1375
16454		4.575424e+01	4	9.475608e+00	3323	1.202910e+01	2532
16465		3.245170e+00	3581	6.799731e+00	1841	1.013510e+01	3594
16494		5.876806e+00	376	8.503824e+00	1948	1.342801e+01	1445
16495		1.817369e+01	31	1.118009e+01	1336	1.992628e+01	470
16552		6.672395e+00	1892	1.496147e+01	348	1.740163e+01	347
16561		1.297951e+01	104	2.011893e+01	129	1.385592e+01	1470
16570		9.757603e+00	2221	3.453745e+01	32	1.394261e+01	2176
16574		1.476523e+01	175	2.546771e+01	47	1.770189e+01	366
16597		6.266307e+00	1751	1.300200e+01	241	2.108116e+01	240
16602		4.390367e+01	1	3.766671e+00	2324	1.955858e+01	172
16610		1.727761e+01	293	1.654714e+01	689	1.472402e+01	1550
16616		4.915695e+00	446	1.375500e+01	350	1.332063e+01	168
16624		3.208896e+01	11	6.210708e+00	1572	1.899736e+01	178
16635		2.999746e+01	25	2.889279e+01	26	2.935050e+01	41
16637		4.946654e+00	888	9.698213e+00	1178	1.567484e+01	1028
16647		9.252695e+00	456	1.088869e+01	342	8.358337e+00	1959
16658		1.801786e+01	30	1.553371e+01	2222	2.581380e+01	1179
16664		1.071605e+01	451	9.690165e+00	1229	7.383576e+00	2901
16673		1.102376e+01	155	4.101955e+01	24	1.568791e+01	705
16691		6.763537e+00	873	1.201250e+01	3001	2.842777e+01	70
16714		8.547102e+00	251	3.438708e+01	68	1.221589e+01	1100
16741		2.872152e+01	27	1.626150e+01	386	1.422794e+01	1448
16754		1.492597e+01	461	1.006299e+01	1331	1.096029e+01	3107
16761		1.229960e+01	142	2.023251e+01	130	1.169911e+01	3439
16762		2.324925e+01	12	7.479779e+00	406	2.021637e+01	205
16789		1.038961e+01	241	1.401062e+01	240	2.361287e+01	284
16792		2.635475e+01	11	1.108764e+01	1976	1.451684e+01	1978
16814		9.268263e+00	2179	3.974292e+01	16	1.357330e+01	1347
16824		3.099650e+01	16	5.789269e+01	4	5.561253e+00	3305
16835		1.444150e+01	555	2.364336e+01	74	1.637703e+01	251
16845		1.467191e+01	346	1.057295e+01	2268	3.853070e+01	26
16876		2.406227e+01	28	1.671350e+01	502	2.838489e+01	290
16880		8.044244e+00	396	7.118167e+00	2612	8.797817e+00	3220
16881		1.735037e+01	274	1.914130e+01	112	1.235633e+01	1881
16924		1.049447e+01	158	7.788932e+00	2191	1.079298e+01	2538
16931		4.952272e+00	2816	7.351443e+00	2658	1.352849e+01	524
16960		3.099380e+01	12	1.501270e+01	406	1.399808e+01	205
16986		2.628883e+00	2791	2.365783e+00	2646	9.043819e+00	1441
16999		2.004840e+01	36	9.704261e+00	394	2.100346e+01	96
17042		7.530628e+00	773	1.006073e+01	2687	1.779954e+01	378
17050		2.487937e+01	63	2.156649e+01	171	3.156031e+01	21
17054		1.920037e+01	29	7.843421e+00	1656	2.904876e+01	67
17078		2.145910e+01	65	1.433726e+01	1054	1.943766e+01	432
17082		1.107426e+01	183	3.184651e+01	62	5.259917e+00	3067
17094		1.583563e+00	2475	3.524516e+00	2850	1.001484e+01	1574
17107		2.858172e+00	3673	6.431152e+00	3165	1.877030e+01	180
17138		1.401206e+01	308	3.251060e+01	29	1.048115e+01	2336
17223		1.269530e+01	206	8.836790e+00	560	3.093204e+01	51
17231		1.203710e+01	188	3.323085e+00	2481	1.814671e+01	353
17238		2.082014e+01	228	7.485379e+00	3152	2.368461e+01	220
17246		7.776424e+00	390	1.143166e+01	1063	1.540715e+01	929
17255		3.098976e+01	5	1.935792e+01	239	1.740078e+01	437
17317		3.846975e+01	91	4.418270e+01	34	1.191141e+01	2904
17321		1.441781e+01	666	4.690465e+01	2	1.462286e+01	979
17371		1.724959e+01	34	1.638005e+01	262	1.038325e+01	2605
17376		1.341539e+01	324	1.555148e+01	92	7.029812e+00	3061
17395		9.710027e+00	81	3.554773e+01	65	1.316727e+01	2719
17423		3.223738e+01	9	1.958840e+01	795	3.069285e+01	52
17428		9.500412e+00	2102	1.872929e+01	191	1.071024e+01	2019
17477		1.082626e+01	169	2.206157e+01	45	1.114107e+01	2544
17479		1.927633e+01	132	9.453867e+00	1221	1.012040e+01	1809
17497		2.929670e+00	2317	7.270900e+00	1204	8.424308e+00	1045
17522		8.384667e+00	971	5.859180e+00	2021	2.427783e+01	54
17526		4.853627e+00	1971	1.097279e+01	1548	4.409912e+01	14
17532		6.226550e+00	641	2.233478e+01	171	2.983496e+01	21
17535		1.390001e+01	455	8.521291e+00	1342	1.230748e+01	1306
17537		5.814127e+00	419	4.998451e+00	2867	7.617766e+00	2869
17538		3.943817e+00	2008	9.023383e+00	2531	1.010090e+01	2010
17564		4.769775e+01	3	1.721295e+01	362	1.431066e+01	1940
17583		3.778345e+01	89	9.857687e+00	2172	1.118082e+01	1847
17606		1.324407e+01	137	1.252008e+01	2003	1.221517e+01	2187
17706		1.548467e+01	136	1.756977e+01	380	3.890307e+01	2
17757		6.120156e+00	3161	1.122962e+01	1478	1.214408e+01	1555
17788		1.400965e+01	1733	1.136628e+01	3472	2.279962e+01	142
17790		1.468348e+01	593	1.074738e+01	836	2.790585e+01	75
17805		1.723569e+01	150	3.506816e+01	35	3.199959e+01	70
17819		3.098611e+01	4	1.800210e+01	2968	2.980587e+01	101
17843		1.158177e+01	331	3.321672e+01	32	6.909693e+00	2763
17862		2.225688e+00	2108	1.022517e+01	486	9.930115e+00	1596
17875		3.478330e+01	14	9.628167e+00	2014	1.336165e+01	666
17890		2.713118e+01	15	2.781279e+01	48	1.850673e+01	101
17901		1.158709e+01	287	6.311245e+00	1810	1.085445e+01	1032
17912		1.541230e+01	783	2.552531e+01	97	2.192220e+01	358
17942		1.110781e+01	348	2.639819e+01	146	9.831069e+00	1000
17969		7.403781e+00	830	1.190386e+01	1415	9.487558e+00	2408
17976		7.205650e+00	1713	1.977714e+01	293	4.030676e+01	20
18017		1.294102e+01	151	1.620918e+01	522	8.197909e+00	2149
18018		1.907346e+01	148	9.467841e+00	2702	1.569927e+01	1334
18086		2.275624e+01	19	6.151090e+00	2301	1.279028e+01	814
18101		2.787483e+01	47	2.823653e+01	51	1.893127e+01	175
18144		2.979949e+01	12	2.193270e+01	406	1.188083e+01	2698
18195		9.385364e+00	316	1.239689e+01	1285	1.198657e+01	3539
18196		1.896656e+01	66	9.465398e+00	1917	2.914794e+01	36
18198		1.311220e+01	765	1.348091e+01	2691	1.865419e+01	443
18207		3.292063e+00	3599	6.950310e+00	1390	2.352845e+01	77
18208		8.980588e+00	264	1.687676e+01	230	1.980992e+01	246
18209		2.068197e+01	256	7.289602e+00	1973	3.288490e+01	14
18234		1.286510e+01	296	1.228234e+01	252	1.912713e+01	181
18295		2.752233e+01	6	1.835248e+01	260	1.230487e+01	1164
18382		9.869730e+00	259	1.541882e+01	458	1.912801e+01	491
18391		1.783189e+01	190	6.407786e+00	1029	1.140685e+01	2178
18416		1.891222e+01	64	1.425063e+01	368	2.163163e+01	268
18423		2.397812e+01	356	1.906533e+01	783	1.389842e+01	2459
18444		1.577190e+01	30	1.698058e+01	1486	1.932105e+01	3303
18446		9.576655e+00	192	2.615247e+01	116	3.404442e+01	9
18465		3.781873e+01	1	3.899052e+01	17	1.626845e+01	770
18469		2.355070e+01	38	1.036850e+01	1740	1.353153e+01	1162
18527		9.274991e+00	717	2.535505e+01	43	1.469264e+01	607
18530		8.305240e+00	365	1.816951e+01	75	9.286248e+00	3569
18550		5.484680e+00	1743	1.406684e+01	760	2.921691e+01	64
18572		5.106166e+00	1789	3.144095e+01	24	1.358775e+01	1083
18575		8.464718e+00	246	1.516195e+01	230	1.584050e+01	690
18597		2.567249e+01	35	1.995582e+01	144	1.814873e+01	219
18614		6.967407e+00	824	1.337704e+01	141	1.875456e+01	518
18682		3.385188e+01	9	1.790197e+01	795	1.149811e+01	3456
18685		7.368706e+00	2677	4.992364e+01	2	2.271010e+01	136
18686		1.674041e+01	126	1.651321e+01	317	2.717939e+01	58
18706		1.770967e+01	1301	1.785636e+01	748	1.301871e+01	2141
18711		8.814426e+00	681	7.531882e+00	1663	1.510452e+01	257
18715		5.895671e+00	1677	1.258928e+01	390	1.436998e+01	505
18769		1.699951e+01	85	1.728495e+01	328	3.626833e+01	136
18784		1.352843e+01	1821	3.024296e+01	30	2.983969e+01	64
18801		1.332930e+01	194	7.163640e+00	1828	9.635499e+00	1271
18804		1.628033e+01	60	8.966765e+00	1512	1.307392e+01	433
18826		2.630720e+01	135	1.139449e+01	1355	9.846506e+00	2387
18830		2.127952e+01	78	2.165436e+01	307	1.919044e+01	487
18831		1.305883e+01	243	1.349745e+01	1203	2.901119e+01	44
18843		1.455232e+01	156	1.923397e+01	119	2.030880e+01	143
18847		1.867342e+00	2507	1.151279e+01	396	1.129490e+01	1224
18855		2.924587e+00	1831	1.044100e+01	317	2.515903e+01	58
18888		1.025514e+01	348	1.785236e+01	161	1.338216e+01	312
18952		1.117540e+01	112	8.184067e+00	3324	9.510427e+00	2778
18982		1.059824e+01	271	1.471379e+01	203	2.188199e+01	199
18997		1.931792e+01	317	1.726083e+01	163	3.092658e+01	58
18999		4.434540e+00	3001	1.648170e+01	873	1.193808e+01	2234
19004		1.432578e+01	474	1.256201e+01	1256	9.882921e+00	2787
19025		5.368759e+00	622	1.055499e+01	1352	8.981929e+00	3166
19036		6.997664e+00	1190	1.393927e+01	998	1.202991e+01	2468
19052		2.380308e+01	75	4.298890e+01	27	1.023057e+01	1136
19056		9.358638e+00	352	2.351229e+01	177	1.140309e+01	2435
19064		7.360314e+00	2363	2.391257e+01	13	4.334583e+01	3
19071		2.249174e+01	19	2.314529e+01	405	1.427335e+01	2813
19078		1.262936e+01	238	1.210450e+01	518	1.703732e+01	141
19099		1.222923e+01	299	1.086497e+01	454	1.731365e+01	180
19116		4.581604e+01	5	8.428750e+00	1395	1.371821e+01	2045
19133		2.041989e+01	44	3.543198e+01	23	1.300637e+01	2199
19139		1.988906e+01	64	7.167387e+00	2939	2.295735e+01	145
19146		1.187873e+01	965	1.307875e+01	411	2.369779e+01	188
19151		1.161905e+01	1559	1.832150e+01	160	1.020784e+01	3290
19192		1.228095e+01	2113	1.617191e+01	778	3.561550e+01	50
19201		1.244095e+01	977	2.531050e+01	90	1.757935e+01	401
19205		4.855276e+00	1054	6.484744e+00	2719	3.503690e+01	65
19211		1.277097e+01	513	2.420224e+01	141	2.002544e+01	104
19215		5.940230e+00	779	7.778816e+00	967	1.357372e+01	371
19242		1.466238e+01	335	1.261289e+01	1400	1.580817e+01	1266
19246		1.936128e+01	12	1.555742e+01	805	1.909734e+01	406
19298		1.245294e+01	254	2.782335e+01	70	2.002403e+01	200
19339		2.961698e+01	8	2.074626e+01	326	1.907933e+01	1093
19381		4.109605e+01	14	5.098441e+01	11	1.560458e+01	706
19388		1.840993e+01	60	2.554599e+01	160	1.466216e+01	1532
19432		2.191940e+01	160	1.259274e+01	2768	1.396162e+01	2226
19458		2.429291e+01	41	2.920154e+01	25	1.977982e+01	89
19467		5.079079e+00	2119	1.811714e+01	127	6.694590e+00	3660
19473		3.198382e+01	68	2.042059e+01	251	1.690508e+01	1100
19494		3.719946e+01	3	7.291805e+00	2051	1.264030e+01	814
19512		2.471326e+01	102	1.186880e+01	1105	2.624382e+01	152
19537		1.176656e+01	1634	2.697687e+01	125	1.294898e+01	1501
19542		8.128434e+00	1430	2.783070e+01	59	4.797075e+01	43
19565		3.621082e+01	20	1.077988e+01	321	1.374463e+01	983
19604		1.148367e+01	322	1.673030e+01	566	9.530785e+00	1236
19622		1.953254e+01	97	1.529297e+01	397	1.205277e+01	1302
19627		1.247833e+01	450	1.018983e+01	1414	1.166656e+01	752
19637		3.004827e+00	3020	3.172085e+01	19	5.952385e+00	3384
19647		2.316787e+01	25	9.195615e+00	1352	1.914984e+01	186
19655		1.127107e+01	131	1.130870e+01	2407	1.739338e+01	421
19658		2.832445e+01	25	2.548415e+01	41	3.138234e+01	26
19663		1.008630e+01	1464	8.819291e+00	3474	3.607726e+01	5
19725		1.322201e+01	2139	1.673220e+01	1416	3.032973e+01	140
19740		3.277099e+01	11	1.438736e+01	356	3.456268e+01	61
19769		3.224773e+01	4	2.537667e+01	49	2.669462e+01	283
19805		8.706941e+00	416	8.118532e+00	2086	2.101262e+01	101
19846		1.335453e+01	37	1.196432e+01	1363	2.069382e+01	160
19893		1.008249e+01	150	4.679001e+00	3348	1.816311e+01	35
19915		4.485010e+00	2471	1.275021e+01	323	5.114889e+00	3552
19935		2.060801e+01	881	2.368378e+01	531	1.145966e+01	2811
19945		2.928187e+01	39	2.297943e+01	50	1.035309e+01	3607
19947		1.242917e+01	38	2.678149e+01	1410	2.623488e+01	1663
20031		1.420413e+01	291	4.100216e+01	16	1.123248e+01	2758
20033		1.116141e+01	64	1.402999e+01	1821	2.365942e+01	145
20054		4.172926e+01	3	1.296416e+01	563	1.199775e+01	925
20055		3.349744e+00	1978	1.044151e+01	1071	2.946215e+01	11
20070		1.464566e+01	513	1.370817e+01	1543	3.821809e+01	141
20131		3.700793e+01	7	7.786463e+00	3703	1.069984e+01	986
20178		4.648226e+01	2	1.044584e+01	1389	1.423002e+01	489
20197		1.046864e+01	281	2.410828e+01	125	1.721859e+01	924
20229		2.478204e+01	30	1.878770e+01	33	1.283950e+01	736
20232		5.387543e+00	906	3.789769e+01	103	1.000780e+01	907
20255		6.061966e+00	2226	1.218958e+01	393	8.372168e+00	3290
20286		1.998366e+01	53	9.500842e+00	818	1.410225e+01	528
20301		1.383329e+01	482	8.816326e+00	2559	1.595159e+01	694
20338		5.030553e+00	2390	1.327631e+01	445	1.137613e+01	1756
20342		3.991942e+00	1109	3.436879e+00	2929	1.049070e+01	878
20344		3.397280e+01	8	1.303561e+01	326	1.302797e+01	365
20390		2.166323e+01	66	1.024036e+01	799	6.420414e+00	3428
20410		1.603768e+01	836	1.351810e+01	765	1.276015e+01	2691
20443		3.823114e+01	43	2.885583e+01	56	2.605794e+01	303
20446		1.759096e+01	171	3.206801e+01	217	1.781901e+01	1218
20448		7.068439e+00	962	3.770869e+01	4	1.033695e+01	1230
20510		1.145490e+01	453	1.214258e+01	296	1.507035e+01	181
20534		1.179397e+01	351	1.341279e+01	229	2.183403e+01	102
20538		1.097631e+01	1600	1.317920e+01	460	1.095790e+01	2219
20633		2.551506e+01	18	1.266370e+01	1041	1.813559e+01	323
20650		1.750369e+01	70	2.218965e+01	200	3.298039e+01	29
20664		7.448958e+00	1222	1.133735e+01	826	9.698651e+00	738
20667		1.064226e+01	665	1.800098e+01	483	7.749925e+00	2700
20675		4.953347e+01	1	8.811983e+00	1059	1.451346e+01	3161
20683		2.651219e+01	44	9.910601e+00	1539	1.311124e+01	3546
20696		1.214462e+01	189	1.547906e+01	1022	1.936314e+01	401
20756		1.173712e+01	245	1.068439e+01	858	5.424811e+01	1
20766		5.580678e+00	2036	2.138831e+01	125	1.689429e+01	1654
20783		4.456621e+01	5	1.836841e+01	194	8.564905e+00	2999
20788		3.891900e+01	4	1.745090e+01	159	1.977665e+01	1118
20800		9.437451e+00	344	8.424390e+00	1868	1.013789e+01	3548
20845		1.165396e+01	684	3.452899e+01	32	2.207279e+01	480
20851		1.057028e+01	3360	1.625660e+01	1291	1.479562e+01	1330
20852		1.283537e+01	81	2.880431e+01	65	7.928698e+00	2719
20890		5.223280e+00	2280	3.787999e+01	1	1.116447e+01	1469
20921		1.444649e+01	708	2.557402e+01	174	3.568463e+01	78
20972		4.638904e+00	2394	6.096265e+00	2122	5.886842e+00	2588
20978		1.284464e+01	267	4.664166e+01	2	7.783664e+00	1408
20980		8.669377e+00	982	2.336802e+01	39	1.933655e+01	121
20984		2.725945e+01	21	4.725548e+00	2967	1.604111e+01	79
20991		1.565806e+01	333	1.111417e+01	1423	1.419951e+01	890
21073		8.388200e+00	2025	1.759470e+01	612	2.511196e+01	205
21116		1.772914e+01	56	1.263530e+01	899	3.685743e+01	18
21121		1.075574e+01	1564	2.021072e+01	415	1.233470e+01	2473
21128		3.846336e+00	654	9.510710e+00	3436	2.062742e+01	374
21144		3.315764e+01	18	2.319532e+01	56	1.073602e+01	1735
21158		3.114469e+01	24	1.382149e+01	862	1.397308e+01	3147
21172		2.560271e+01	38	1.174268e+01	1492	1.807838e+01	681
21188		1.452468e+01	120	4.737631e+00	2906	3.230605e+01	34
21203		1.353328e+01	111	1.307959e+01	547	1.880653e+01	912
21210		3.018278e+01	65	3.892450e+01	82	1.423434e+01	2319
21238		5.813111e+00	1817	8.159369e+00	2327	1.831282e+01	227
21242		2.449422e+01	25	4.467013e+00	2110	3.356231e+01	18
21318		5.034147e+01	1	3.167183e+01	196	1.354853e+01	2613
21358		3.525441e+01	49	5.259087e+01	4	9.283740e+00	2934
21377		2.024922e+01	70	3.004492e+01	150	2.117574e+01	873
21399		1.752817e+00	2721	2.409509e+00	3670	1.052512e+01	900
21407		3.238354e+00	1467	5.670023e+00	2393	9.889054e+00	2495
21500		1.110278e+01	536	1.901189e+01	110	2.530896e+01	34
21584		2.724734e+01	7	2.315728e+01	118	1.710072e+01	1435
21610		1.531963e+01	353	1.354321e+01	707	7.499667e+00	3586
21611		1.133178e+01	142	1.322564e+01	3472	1.690703e+01	1026
21616		4.132364e+01	1	1.343655e+01	2611	1.558359e+01	2001
21680		2.818482e+01	25	4.126239e+01	18	1.152420e+01	726
21691		6.918510e+00	1455	2.537399e+01	123	8.958287e+00	3336
21722		1.266720e+01	128	3.432662e+01	28	2.165345e+01	107
21747		3.898428e+01	3	1.791121e+01	193	1.900794e+01	1153
21793		6.418694e+00	1920	1.297360e+01	353	3.670660e+01	41
21842		2.896362e+01	106	1.152005e+01	590	1.257200e+01	804
21853		3.873112e+00	877	8.968980e+00	848	1.080331e+01	1107
21860		3.672195e+00	979	9.556796e+00	1317	9.370365e+00	702
21891		1.027372e+01	962	6.559960e+00	2744	1.568421e+01	129
21907		1.523766e+01	368	2.504029e+01	64	8.021678e+00	2343
22017		3.796242e+01	1	3.673997e+01	17	1.297063e+01	770
22079		4.042436e+01	2	1.309414e+01	1167	1.265231e+01	871
22193		1.580242e+01	130	2.499368e+01	31	1.362712e+01	3415
22205		1.904193e+01	228	5.208267e+01	1	1.424244e+01	926
22228		1.107369e+01	616	1.913815e+01	153	1.505434e+01	622
22279		5.500509e+01	4	1.311781e+01	1187	1.742318e+01	798
22280		2.616736e+01	26	6.988836e+00	1630	1.465275e+01	1369
22301		3.310459e+00	2669	9.349149e+00	1226	1.076488e+01	1132
22369		1.099671e+01	164	9.453342e+00	368	1.005121e+01	2980
22376		9.414944e+00	158	8.773850e+00	1257	1.116943e+01	3358
22393		2.861456e+01	19	1.087396e+01	3377	1.321941e+01	1562
22400		6.142830e+01	21	1.971617e+01	430	1.179700e+01	3450
22403		5.554332e+01	4	3.722547e+01	105	1.185129e+01	1570
22451		1.962027e+01	30	9.496424e+00	2930	1.050413e+01	1483
22474		1.676833e+01	39	8.091407e+00	2379	9.227186e+00	1586
22540		3.529179e+01	3	1.134352e+01	429	1.126445e+01	1489
22544		3.311170e+01	34	6.540579e+00	3225	2.589639e+01	325
22582		1.584880e+01	290	7.213543e+00	2321	7.997318e+00	2322
22593		3.928146e+01	5	8.593453e+00	1395	2.076139e+01	437
22663		7.044239e+00	148	1.346332e+01	1586	1.200988e+01	2314
22666		2.311068e+01	53	2.983035e+01	135	1.099210e+01	2491
22754		1.862169e+01	99	8.356407e+00	546	2.873018e+01	8
22780		3.051732e+01	5	1.383308e+01	1025	2.175038e+01	1689
22802		1.687273e+01	173	1.460847e+01	128	3.425561e+01	28
22815		1.340446e+01	207	9.132012e+00	2278	1.022313e+01	1701
22837		1.753249e+01	52	7.256811e+00	2055	1.517831e+01	415
22850		1.330002e+01	149	5.481190e+00	838	3.399013e+01	34
22919		2.421642e+01	96	1.423379e+01	867	2.876106e+01	62
22938		2.976993e+01	28	2.032496e+01	154	2.895312e+01	40
22982		9.443398e+00	1906	1.040113e+01	842	1.217217e+01	3329
23037		1.716278e+01	45	1.942605e+01	167	1.553411e+01	380
23160		1.169917e+01	423	1.226589e+01	2259	1.449344e+01	1144
23287		2.913208e+01	14	1.348790e+01	3467	2.139566e+01	222
23332		8.674750e+00	1109	1.397584e+01	308	1.042637e+01	2336
23383		4.387698e+00	1577	2.044180e+01	135	9.127192e+00	1355
23395		7.763219e+00	585	2.281396e+01	98	2.186676e+01	307
23414		1.009874e+01	949	3.951121e+00	3343	1.377898e+01	213
23455		6.456688e+00	1018	1.925891e+01	122	1.868781e+01	100
23518		3.925671e+00	3654	1.546140e+01	50	1.756047e+01	147
23549		1.451545e+01	338	1.343006e+01	1255	9.484085e+00	2616
23554		1.161399e+01	380	1.666237e+01	167	4.326135e+01	2
23566		1.107773e+01	775	4.285044e+01	3	1.249591e+01	232
23626		1.003604e+01	1179	9.558347e+00	878	8.998692e+00	1533
23663		1.227319e+01	129	9.463396e+00	1230	9.035844e+00	2744
23664		1.084402e+01	66	1.869502e+01	276	1.446482e+01	1917
23672		2.017150e+01	68	2.633007e+01	191	1.014783e+01	2842
23700		3.619506e+01	7	1.289190e+01	1899	3.103973e+01	72
23723		1.664138e+01	452	8.849877e+00	2854	2.578857e+01	57
23734		1.354888e+01	109	1.191642e+01	1682	1.358454e+01	1425
23751		1.709930e+01	349	9.067975e+00	3673	1.221631e+01	2120
23758		2.867685e+01	91	1.571139e+01	1042	4.179572e+01	7
23759		1.299408e+01	693	3.304771e+01	56	1.444490e+01	1207
23776		2.606983e+01	17	1.794187e+01	1164	1.645785e+01	1849
23786		7.942813e+00	970	8.573651e+00	2415	1.131914e+01	990
23796		7.301684e+00	1440	1.814988e+01	88	8.027754e+00	1855
23802		1.377993e+01	102	1.624758e+01	351	5.534756e+01	4
23810		1.104849e+01	574	1.850704e+01	396	1.245558e+01	859
23820		1.086442e+01	1186	1.490201e+01	399	1.612098e+01	314
23829		3.533052e+01	25	1.067361e+01	544	5.709097e+00	2210
23842		9.310417e+00	349	2.318464e+01	91	1.347065e+01	3159
23861		1.667824e+01	159	3.525763e+01	2	1.269991e+01	3349
23865		2.098808e+01	130	2.250326e+01	142	8.787373e+00	1348
23901		2.316120e+01	17	4.862002e+00	2515	6.941360e+01	4
23916		4.133504e+01	1	1.270275e+01	1356	1.474194e+01	663
23924		7.355544e+00	928	7.790458e+00	1868	1.051867e+01	742
23942		2.803255e+01	13	1.221893e+01	681	2.868604e+01	87
23943		1.603706e+01	206	1.115056e+01	1451	1.675974e+01	560
24011		1.503373e+01	404	2.645067e+01	63	1.685473e+01	1234
24016		2.599092e+01	10	1.762167e+01	54	9.974055e+00	3091
24034		3.149558e+01	7	2.880568e+01	91	1.687683e+01	1957
24055		1.856753e+01	150	2.427946e+01	70	3.382791e+01	35
24072		4.262412e+00	618	1.095737e+01	1423	1.188003e+01	1822
24098		1.050326e+01	163	1.700770e+01	525	1.397632e+01	2093
24109		1.487989e+01	1077	3.443185e+01	38	1.605547e+01	1368
24118		2.075224e+01	136	9.001576e+00	1862	1.203674e+01	380
24124		3.001658e+01	22	1.140593e+01	2072	5.516554e+01	1
24131		8.929864e+00	700	8.114354e+00	1714	8.550106e+00	1771
24166		1.467463e+01	1351	1.575010e+01	734	1.542733e+01	667
24196		2.868532e+01	28	1.969882e+01	290	1.382641e+01	1015
24219		3.430986e+01	21	2.307876e+01	79	8.368771e+00	3276
24245		4.882018e+00	2287	1.457408e+01	274	1.171908e+01	630
24251		1.033769e+01	817	2.473367e+01	66	1.827880e+01	276
24299		3.263411e+01	5	9.999828e+00	3037	1.587471e+01	2542
24368		1.910509e+01	40	4.426730e+00	2391	3.317808e+01	28
24369		1.628743e+01	195	8.416914e+00	1123	2.269711e+01	148
24390		7.487124e+00	391	1.253959e+01	263	1.162426e+01	1595
24422		1.819366e+01	75	1.882121e+01	199	8.804565e+00	2371
24455		1.336202e+01	329	1.261390e+01	580	1.128262e+01	1335
24483		5.340771e+00	2218	2.844971e+01	107	8.232848e+00	2031
24535		1.290966e+01	455	8.633555e+00	1342	8.878523e+00	1306
24580		1.451836e+01	150	3.110490e+01	35	3.018854e+01	70
24602		4.406218e+00	3366	2.108877e+01	158	5.933300e+00	1487
24626		4.221936e+00	658	1.417485e+01	134	1.748563e+01	1271
24658		1.107863e+01	354	1.093857e+01	423	7.860117e+00	2259
24695		2.249740e+01	13	4.024078e+01	3	1.042038e+01	2462
24730		1.138149e+01	64	1.783265e+01	342	1.809233e+01	268
24745		4.261144e+00	3146	1.967896e+01	89	1.364323e+01	188
24784		2.136339e+01	64	9.043376e+00	2964	2.893903e+01	84
24843		3.263443e+00	2010	9.965625e+00	428	1.065959e+01	1328
24862		3.288597e+01	10	9.651335e+00	1737	2.781605e+01	87
24875		8.071800e+00	1650	6.789097e+00	2741	2.111099e+01	181
24930		9.268392e+00	307	1.238928e+01	975	1.333357e+01	1989
24975		1.427658e+01	67	8.568590e+00	2133	1.374463e+01	1314
24976		1.426584e+01	885	1.641055e+01	90	1.289544e+01	581
25045		1.551908e+01	211	2.239085e+01	345	1.412129e+01	1130
25054		7.878890e+00	222	2.469651e+01	14	1.763363e+01	242
25064		2.815560e+01	18	7.463152e+00	3087	7.978064e+00	3520
25117		1.937364e+01	241	1.678231e+01	367	1.146008e+01	1294
25148		1.689221e+01	112	2.554287e+01	30	1.160323e+01	3266
25174		3.338546e+01	2	1.513951e+01	496	2.047279e+01	267
25256		9.188359e+00	1819	4.116613e+01	1	1.738080e+01	770
25315		1.366095e+01	88	1.029213e+01	1582	1.934506e+01	513
25373		2.489598e+01	23	3.056784e+01	35	1.281684e+01	2806
25428		2.285336e+01	56	3.360610e+01	18	1.103858e+01	1735
25444		1.762103e+01	508	1.180771e+01	357	1.756456e+01	251
25517		1.105183e+01	249	1.297715e+01	631	1.137264e+01	881
25556		3.914969e+01	16	2.037247e+01	171	2.673602e+01	63
25589		9.320177e+00	293	1.435794e+01	3072	1.586145e+01	1550
25617		9.067812e+00	399	8.975210e+00	644	1.446872e+01	449
25666		1.039244e+01	2998	1.176367e+01	1884	1.948991e+01	525
25700		1.354653e+00	2534	9.576297e+00	1086	1.284012e+01	3350
25712		1.402373e+01	88	1.913801e+01	422	1.422875e+01	1681
25723		2.226004e+01	27	4.347783e+01	8	2.192986e+01	326
25742		1.394952e+01	768	2.443717e+01	306	1.512563e+01	1513
25796		1.058068e+01	992	1.495772e+01	1251	3.765856e+01	101
25864		5.531078e+01	3	2.357424e+01	183	8.853600e+00	3538
25870		6.671501e+00	1689	3.626806e+01	5	1.063675e+01	2676
25895		1.102742e+01	150	1.912117e+01	35	1.092021e+01	880
25964		9.164349e+00	495	4.339068e+01	4	1.396661e+01	950
25975		2.360727e+01	23	1.277321e+01	363	3.326729e+01	35
25980		4.988690e+01	4	2.099077e+01	596	2.601541e+01	101
25999		1.074568e+01	121	2.702840e+01	20	1.779435e+01	982
26012		1.889235e+01	145	4.125919e+00	2962	2.996901e+01	33
26020		3.311293e+01	7	4.150747e+01	15	1.316650e+01	1587
26033		2.060861e+01	29	1.408496e+01	913	1.355287e+01	2225
26041		2.546606e+01	29	2.242797e+01	67	9.634644e+00	1561
26054		7.948905e+00	130	7.124465e+00	3439	2.346133e+01	142
26098		5.230286e+00	1125	1.333639e+01	413	2.555669e+01	38
26120		2.431789e+01	34	2.108311e+01	149	1.799675e+01	509
26125		9.180132e+00	421	2.071758e+01	131	1.054985e+01	2126
26136		8.931369e+00	545	6.110016e+00	672	6.514494e+00	1407
26178		1.241900e+01	180	7.242308e+00	3673	8.459764e+00	2215
26179		1.341955e+01	308	3.019801e+01	32	1.692903e+01	507
26195		9.135244e+00	1344	1.770878e+01	105	1.132227e+01	1011
26301		4.136240e+01	11	1.447814e+01	316	1.614217e+01	426
26305		2.462542e+01	68	4.399467e+00	2167	2.502793e+01	74
26312		1.573721e+01	138	2.353843e+01	122	2.726063e+01	84
26356		1.817944e+01	33	8.905644e+00	3302	2.685324e+01	30
26397		3.557891e+01	6	9.454299e+00	2338	1.529074e+01	630
26416		3.320210e+00	3087	1.402891e+01	367	7.993113e+00	3520
26443		1.866707e+01	100	2.032852e+01	138	1.119812e+01	2963
26480		2.498179e+01	38	1.077072e+01	1740	1.130240e+01	1162
26501		1.133375e+01	2422	3.547416e+01	55	1.544801e+01	1200
26504		3.744070e+01	10	1.416458e+01	356	1.895709e+01	674
26514		1.246799e+01	273	2.042680e+01	82	1.128823e+01	3499
26544		9.786379e+00	271	1.761982e+01	203	2.666579e+01	199
26557		5.462811e+00	1481	1.121865e+01	1108	5.009333e+01	1
26574		1.266299e+01	143	1.416447e+01	156	9.855150e+00	2044
26584		7.876154e+00	410	7.467391e+00	714	7.635180e+00	1304
26633		1.144459e+01	1037	1.947996e+01	166	1.893208e+01	147
26635		8.732853e+00	1162	3.195134e+01	38	1.420015e+01	1740
26657		1.385212e+01	212	2.435760e+01	31	1.399640e+01	939
26667		1.722415e+01	121	1.128686e+01	276	2.638205e+01	20
26669		2.759666e+01	5	8.306919e+00	2542	1.460188e+01	1748
26681		9.847126e+00	159	7.763190e+00	3349	1.194901e+01	1013
26702		8.528212e+00	390	1.150660e+01	1278	1.363692e+01	768
26703		4.867925e+01	14	8.939328e+00	1399	1.570269e+01	1256
26723		2.325975e+01	26	5.341604e+00	2489	9.108109e+00	3142
26802		5.004884e+01	21	8.250154e+00	3450	1.356980e+01	2661
26805		1.760596e+01	26	2.792188e+01	25	1.554210e+01	3633
26806		1.690122e+01	22	2.501119e+01	105	2.380078e+01	196
26907		6.833133e+00	1206	7.012807e+00	1239	2.508492e+01	141
27002		4.705612e+00	2393	8.985427e+00	1467	1.167312e+01	865
27004		6.579065e+00	1279	4.443357e+01	1	5.144212e+01	49
27008		1.881296e+01	67	3.878741e+00	1800	7.976651e+00	2294
27017		4.851523e+01	1	1.640094e+01	131	1.636154e+01	421
27032		1.223014e+01	165	3.217691e+01	5	1.541259e+01	194
27074		6.715949e+00	1279	4.699233e+01	1	1.022979e+01	2001
27134		1.408570e+01	95	1.495808e+01	359	1.449347e+01	2292
27156		8.597278e+00	1717	5.425465e+01	10	1.596629e+01	1122
27191		4.832687e+00	1882	9.367570e+00	1707	9.090848e+00	2643
27199		4.447237e+01	21	3.945460e+00	2757	1.951264e+01	488
27218		6.082771e+00	1179	1.007221e+01	1529	1.409330e+01	542
27220		4.756849e+00	1285	3.818920e+00	3539	7.769083e+00	2023
27228		3.484118e+01	17	4.997783e+00	2125	1.938115e+01	301
27230		1.194150e+01	31	2.919876e+01	113	1.861690e+01	1336
27311		1.389917e+01	100	1.225630e+01	938	1.217996e+01	1280
27330		5.376656e+01	2	5.493915e+01	14	1.806439e+01	1681
27337		1.315713e+01	166	1.610095e+01	202	2.098807e+01	502
27361		3.900790e+00	907	3.815812e+00	2159	8.454970e+00	3524
27401		1.740865e+01	220	1.558222e+01	643	4.822866e+01	6
27412		4.472648e+00	859	2.273187e+01	160	4.865727e+01	24
27451		6.920234e+00	1969	1.310353e+01	526	1.621190e+01	388
27624		2.488802e+01	24	2.544097e+01	108	2.279540e+01	208
27697		2.122709e+01	33	8.057799e+00	736	2.357584e+01	145
27710		1.715054e+01	357	2.678914e+01	108	1.488744e+01	1145
27761		1.196857e+01	210	1.890125e+01	66	2.679407e+01	36
27768		2.464888e+01	50	2.287138e+01	202	1.420532e+01	1774
27772		1.997169e+01	9	4.217525e+00	2011	1.194334e+01	2295
27780		3.220969e+01	17	1.864767e+01	1185	2.256273e+01	260
27804		1.025221e+01	94	1.374070e+01	1805	3.542708e+01	13
27810		1.227057e+01	478	7.769589e+00	2485	1.425218e+01	161
27816		3.121629e+00	1702	5.966365e+00	3253	1.357116e+01	248
27852		7.073014e+00	364	1.569557e+01	178	1.364634e+01	835
27888		6.075456e+00	2169	9.256440e+00	3133	1.646104e+01	357
27915		2.840990e+01	21	4.683513e+00	2967	1.604311e+01	79
27983		8.484242e+00	367	8.250980e+00	638	2.069954e+01	98
28055		8.934018e+00	334	1.773213e+01	579	2.435818e+01	182
28104		1.186483e+01	176	3.280016e+01	43	2.645367e+01	13
28150		4.408352e+00	1238	1.073248e+01	1794	1.232721e+01	787
28172		2.515939e+01	5	9.251556e+00	1594	1.643193e+01	2826
28211		3.983781e+00	1448	9.120945e+00	1922	1.315026e+01	386
28218		1.210758e+01	253	9.765016e+00	3460	1.095751e+01	1641
28253		7.265012e+00	1003	2.857034e+01	103	1.519544e+01	906
28270		7.395475e+00	616	7.194606e+00	1183	7.005390e+00	1872
28272		1.033512e+01	1054	8.630135e+00	2711	1.711225e+01	386
28283		6.298503e+00	1732	6.240378e+00	3417	7.224687e+00	3412
28301		2.722098e+01	5	2.736130e+01	58	1.980503e+01	608
28308		1.004271e+01	774	1.789538e+01	309	3.224427e+01	73
28337		2.390918e+01	100	1.275066e+01	1303	1.382138e+01	993
28348		8.745153e+00	188	1.272033e+01	590	9.104969e+00	2272
28381		2.593449e+01	18	3.453971e+01	25	7.688600e+00	1041
28420		4.440715e+01	4	5.712912e+00	3323	9.374421e+00	573
28539		9.637804e+00	542	1.258395e+01	580	1.566987e+01	392
28614		1.207631e+01	296	1.446241e+01	453	1.451963e+01	347
28645		1.513919e+01	154	9.109267e+00	628	9.189542e+00	2497
28659		8.771757e+00	207	6.214308e+00	2892	7.961595e+00	1894
28701		1.276193e+01	51	9.305184e+00	2900	1.372708e+01	1996
28769		1.692503e+01	26	1.474197e+01	1630	2.087529e+01	726
28770		1.019550e+01	327	7.228183e+00	2790	1.167281e+01	503
28785		8.275059e+00	1373	1.875606e+01	261	1.739402e+01	376
28790		1.013278e+01	1305	3.693450e+01	28	2.607706e+01	40
28831		4.140635e+01	3	1.190074e+01	429	9.615189e+00	1489
28860		1.355765e+01	153	1.241008e+01	1787	3.401406e+01	25
28921		2.545954e+01	16	9.177277e+00	2975	1.520969e+01	297
28957		3.307937e+01	6	1.276357e+01	537	1.124374e+01	2033
29026		2.581561e+00	1337	9.118139e+00	501	8.864861e+00	1861
29042		1.751064e+01	316	1.829327e+01	344	1.239243e+01	2203
29059		9.727382e+00	542	5.620814e+00	2603	8.174305e+00	3213
29060		2.652964e+01	62	1.453213e+01	183	1.584221e+01	1604
29126		4.361830e+00	1453	4.146918e+00	2512	2.966770e+01	124
29127		1.564963e+01	448	2.759923e+01	39	2.391673e+01	148
29137		2.855345e+01	9	1.167282e+01	1487	3.718944e+01	36
29185		1.191583e+01	82	2.606309e+01	176	2.014815e+01	257
29236		1.088699e+01	239	3.896473e+01	5	1.931214e+01	1594
29263		1.306597e+01	1104	1.014710e+01	2519	2.285905e+01	469
29292		4.769916e+01	2	6.514385e+00	3522	7.087171e+00	2058
29327		1.403988e+00	3512	1.790249e+01	191	2.533873e+01	69
29365		2.754499e+01	16	3.911493e+01	4	1.224561e+01	1777
29393		9.635815e+00	273	9.571220e+00	2018	1.818216e+01	323
29402		1.587244e+01	245	5.108086e+01	1	7.788829e+00	2502
29417		6.773688e+00	749	6.424872e+00	1441	4.279609e+01	9
29431		1.323852e+01	130	2.782914e+01	142	9.985944e+00	3426
29467		2.193877e+01	22	1.033570e+01	605	8.892088e+00	619
29493		8.720752e+00	399	1.025230e+01	1516	1.868949e+01	209
29543		9.449014e+00	556	2.812050e+01	38	1.704870e+01	377
29582		8.604977e+00	800	4.453454e+01	10	2.364351e+01	132
29585		1.598541e+01	339	7.515847e+00	2871	1.009301e+01	2710
29597		2.412779e+01	6	7.170195e+00	3188	1.855505e+01	182
29603		7.749400e+00	2169	1.718804e+01	108	1.741597e+01	357
29635		2.164807e+01	58	2.999172e+01	5	1.982310e+01	958
29650		3.955869e+00	772	9.238771e+00	919	6.822007e+00	2188
29689		2.293549e+01	63	3.195933e+01	21	2.134149e+01	93
29702		7.591776e+00	656	9.663264e+00	3288	1.626596e+01	807
29719		1.283824e+01	217	2.395727e+01	197	1.290739e+01	2541
29756		3.174593e+00	2818	1.686459e+01	597	4.184931e+01	5
29759		4.643025e+00	2465	3.905556e+00	2561	1.911206e+01	59
29779		7.753977e+00	853	2.679379e+01	85	2.597448e+01	57
29819		1.582369e+01	117	1.167091e+01	1761	1.841108e+01	673
29835		4.802694e+00	2176	3.593213e+01	32	2.285772e+01	334
29844		5.355607e+01	2	9.569583e+00	1115	9.372031e+00	1551
29859		1.462283e+01	93	1.025056e+01	1234	1.673984e+01	404
29897		2.110442e+01	31	1.833722e+01	130	1.171568e+01	3415
29905		4.011921e+00	3211	4.005710e+01	15	1.952882e+01	155
29911		2.534887e+01	45	7.192637e+00	2249	2.059535e+01	136
29976		7.639240e+00	3672	1.719531e+01	220	9.436637e+00	3661
30060		2.848289e+01	27	8.084030e+00	3502	1.130947e+01	923
30084		2.179017e+01	73	1.620008e+01	337	2.460721e+01	64
30098		1.072102e+01	113	4.057912e+01	21	1.081050e+01	2240
30130		1.839430e+00	3132	7.043981e+00	975	5.992917e+00	1209
30182		5.283131e+00	1134	7.959568e+00	1191	7.464722e+00	2258
30193		1.405546e+01	295	1.115453e+01	3162	1.309035e+01	1467
30196		1.396199e+01	125	5.877464e+00	2938	1.087170e+01	2756
30245		3.657811e+01	18	1.302210e+01	1088	9.928115e+00	2311
30273		1.061427e+01	386	3.834131e+00	2711	5.415861e+00	1054
30356		8.184588e+00	201	1.626414e+01	361	1.822718e+01	270
30493		1.981317e+01	46	2.242717e+01	37	2.710281e+01	124
30499		5.954014e+00	632	2.538158e+01	47	1.167662e+01	1010
30514		1.011114e+01	457	9.078401e+00	653	1.156178e+01	668
30667		1.421708e+01	1126	5.183291e+01	3	1.460115e+01	534
30668		5.772075e+00	1395	4.845630e+01	5	1.219223e+01	1056
30722		6.901916e+00	1361	4.816952e+00	2647	7.632888e+00	2985
30736		2.150282e+01	91	8.214043e+00	1130	1.808141e+01	448
30802		9.497300e+00	371	5.087641e+00	1640	1.423633e+01	886
30826		4.341658e+00	2843	8.357013e+00	671	5.125044e+01	3
30905		1.693310e+01	33	8.121290e+00	3356	1.166402e+01	1329
30939		2.263707e+01	46	8.469690e+00	338	1.637258e+01	265
31006		5.457167e+01	4	1.899882e+01	422	1.472374e+01	1681
31034		5.275046e+00	380	4.183332e+01	2	1.011531e+01	1862
31057		1.056711e+01	373	6.396020e+00	2454	7.233276e+00	1638
31113		9.514103e+00	266	6.698856e+00	1691	1.225605e+01	1007
31186		4.854586e+00	573	1.536974e+01	289	8.505866e+00	2982
31218		9.618807e+00	282	1.003219e+01	1637	3.570748e+01	9
31233		8.975295e+00	241	8.951320e+00	1751	2.499701e+01	52
31274		1.978385e+01	91	5.525126e+00	2403	3.835593e+01	7
31320		1.513024e+01	89	1.654459e+01	81	1.521369e+01	247
31326		2.123193e+01	28	1.435664e+01	290	1.614958e+01	2163
31358		8.221325e+00	301	6.448466e+00	1398	1.133649e+01	856
31401		3.886517e+00	3568	1.590147e+01	409	1.534415e+01	447
31576		1.807504e+01	199	1.528878e+01	203	1.558331e+01	271
31626		4.975697e+00	423	1.079442e+01	2259	1.714522e+01	1144
31676		4.093217e+00	2076	1.357474e+01	1157	1.352551e+01	3256
31753		2.827024e+01	1	2.485177e+01	3156	2.420195e+01	3679
31863		1.455751e+01	469	1.911445e+01	46	1.889134e+01	245
31886		1.498780e+01	107	4.205738e+00	2494	4.676477e+00	3683
31895		2.447590e+01	20	1.410260e+01	519	2.346013e+01	71
31991		3.671066e+01	27	2.340295e+01	65	2.230459e+01	432
32206		7.161927e+00	1043	1.680245e+01	102	2.103955e+01	223
32220		7.114086e+00	1167	3.312982e+00	3463	3.978926e+01	11
32248		1.248617e+01	80	9.505171e+00	2769	1.012011e+01	2770
32264		4.965890e+00	1404	5.577400e+00	1302	2.180411e+01	177
32272		1.735428e+01	345	1.908604e+01	211	1.381308e+01	1130
32274		8.800442e+00	1310	9.612784e+00	2902	2.707944e+01	24
32306		7.271172e+00	840	1.776823e+01	42	1.778304e+01	400
32324		1.207859e+01	205	1.669075e+01	294	3.632416e+01	12
32346		1.113688e+01	187	1.077581e+01	1102	1.103182e+01	1628
32348		4.203291e+01	3	1.224985e+01	1099	1.665506e+01	925
32365		1.447400e+01	79	3.345902e+01	21	1.632224e+01	586
32388		1.984259e+01	32	1.342294e+01	459	3.999636e+01	6
32555		1.116246e+01	542	1.002681e+01	1533	9.888331e+00	1179
32626		1.294238e+01	593	8.069643e+00	3582	1.119474e+01	1597
32628		1.677576e+01	25	1.553601e+01	1983	1.451951e+01	3117
32720		6.444189e+00	564	1.689242e+01	169	2.505598e+01	69
32874		6.206281e+00	2339	9.226818e+00	2941	1.251219e+01	1543
32875		4.281412e+00	677	1.690863e+01	341	1.180683e+01	3233
32943		7.297662e+00	3222	1.248812e+01	270	8.589401e+00	1651
32949		2.088746e+01	41	1.574995e+01	738	1.794469e+01	1036
32960		1.726258e+01	25	5.118897e+00	2486	2.010687e+01	26
32965		2.752680e+01	6	2.018174e+01	2033	2.319731e+01	1055
32970		1.083848e+01	1030	1.169072e+01	1138	2.434008e+01	31
32993		6.678147e+00	1399	7.836744e+00	2787	1.345297e+01	493
33045		1.294016e+01	1294	1.190914e+01	1128	2.490391e+01	241
33118		1.255000e+01	328	2.532514e+01	136	1.433519e+01	784
33190		2.898895e+01	34	1.180004e+01	838	2.247515e+01	149
33440		8.426035e+00	1150	8.704468e+00	3215	1.370674e+01	703
33481		6.484327e+00	757	1.665370e+01	536	2.432077e+01	110
33580		3.995352e+00	654	1.101411e+01	558	1.078960e+01	886
33648		1.031755e+01	3660	1.499254e+01	766	1.155222e+01	3663
33749		4.066846e+00	889	1.057397e+01	1361	7.593815e+00	2647
33777		2.418110e+01	49	3.660698e+01	4	1.132089e+01	661
33796		5.244036e+00	814	7.368370e+00	3020	3.549319e+01	3
33836		1.706695e+01	228	1.975378e+01	245	1.495975e+01	3152
33859		3.064981e+01	57	1.262682e+01	853	1.363252e+01	1839
33920		3.850904e+01	43	1.623922e+01	1538	2.200252e+01	271
33934		2.045602e+00	3111	3.188222e+01	41	9.446508e+00	750
33944		2.656866e+01	17	7.307074e+00	2330	7.211193e+00	1897
33964		8.790291e+00	696	4.189838e+01	1	2.818649e+01	135
33974		1.140658e+01	42	2.590726e+01	224	1.905394e+01	840
34039		2.729051e+01	10	2.427055e+01	142	1.651328e+01	1026
34101		3.784963e+01	11	4.690192e+01	2	1.311874e+01	2558
34140		2.286544e+01	34	1.220821e+01	1578	1.766182e+01	509
34177		4.136344e+01	3	1.406914e+01	556	1.877533e+01	1714
34243		1.275876e+01	48	1.158645e+01	1262	4.431993e+01	15
34246		3.475247e+01	6	1.565122e+01	630	1.427477e+01	2338
34259		1.005677e+01	131	4.662835e+00	2407	3.935001e+01	22
34294		3.141367e+01	19	8.904978e+00	1562	8.407624e+00	3020
34496		2.282815e+01	65	1.008182e+01	3583	1.377508e+01	1332
34497		3.988893e+01	3	1.031349e+01	354	9.139613e+00	2201
34498		7.717981e+00	1182	1.481837e+01	401	5.364802e+01	3
34714		1.499494e+01	110	1.507051e+01	414	1.472159e+01	2931
34757		1.321953e+01	314	1.109350e+01	3215	1.370493e+01	1150
34797		1.291199e+01	158	1.215183e+01	1257	1.893497e+01	179
34822		1.448154e+01	88	1.072380e+01	1582	2.204909e+01	141
34833		3.448951e+01	6	1.195021e+01	1067	1.603382e+01	729
34888		1.194057e+01	192	1.205177e+01	679	9.929376e+00	3437
34893		5.102856e+00	2644	8.117868e+00	957	2.386718e+01	42
34950		6.573230e+00	930	2.774153e+01	49	1.126751e+01	3196
34988		9.932244e+00	1769	9.464554e+00	1691	1.135263e+01	1007
34995		1.458968e+01	187	2.863269e+01	86	1.529687e+01	272
35048		8.498151e+00	1512	1.502339e+01	433	2.233331e+01	60
35220		9.709716e+00	416	2.306770e+01	48	1.220591e+01	642
35267		3.072398e+01	32	1.738452e+01	260	1.585368e+01	2176
35294		2.000378e+01	38	1.978268e+01	257	1.861113e+01	377
35319		4.642232e+01	3	2.485818e+01	13	1.001481e+01	2363
35431		3.598798e+01	1	9.076800e+00	3679	1.161108e+01	2879
35476		2.857072e+01	12	1.289273e+01	2583	1.451310e+01	2117
35545		1.199232e+01	102	1.707812e+01	352	1.940509e+01	152
35621		7.696372e+00	1944	2.217744e+01	183	8.550410e+00	1553
35843		3.202849e+00	3170	7.273270e+00	1670	1.307191e+01	626
35864		2.242745e+01	37	2.663266e+01	124	2.182968e+01	236
35986		3.492679e+01	7	1.805619e+01	147	1.568043e+01	1236
36125		1.998935e+01	132	3.468601e+01	61	4.492009e+01	8
36231		9.575498e+00	439	7.930601e+00	722	1.702623e+01	117
36294		2.272379e+01	175	1.478284e+01	366	1.501460e+01	1327
36341		2.011246e+01	91	1.450425e+01	407	2.051215e+01	349
36359		1.678498e+00	3348	1.665361e+01	35	1.250523e+01	150
36365		3.887244e+01	6	7.503725e+00	2338	1.331716e+01	331
36393		8.450872e+00	721	1.196798e+01	1614	3.057247e+01	88
36419		2.625398e+01	25	3.176914e+01	26	5.946390e+00	2585
36534		9.248449e+00	513	1.220224e+01	1681	1.221553e+01	2959
36555		1.704369e+01	205	7.616675e+00	440	2.606653e+01	106
36772		4.366634e+00	3707	2.193211e+01	34	1.108829e+01	407
36841		3.532337e+01	1	3.920502e+01	17	1.794999e+01	770
36845		1.352350e+01	166	1.551695e+01	91	1.170981e+01	2396
36897		4.103942e+01	3	9.325046e+00	435	1.533585e+01	511
36943		1.943716e+01	67	1.797770e+01	70	1.275566e+01	3002
36949		1.179168e+01	565	7.224519e+00	2603	1.523897e+01	542
37045		2.000174e+01	27	8.307382e+00	3115	4.094759e+01	8
37056		1.427822e+01	160	1.840411e+01	37	1.432444e+01	2000
37118		1.966146e+01	87	4.216899e+01	10	1.520387e+01	723
37149		1.930360e+01	45	1.271731e+01	3452	1.398048e+01	1380
37211		3.134370e+01	8	9.833563e+00	999	2.219807e+01	99
37244		2.327321e+01	38	1.107646e+01	561	1.793921e+01	1324
37317		2.142185e+01	18	3.101415e+01	41	1.256673e+01	1981
37469		1.161656e+01	95	1.737386e+01	359	2.045280e+01	201
37488		3.156870e+01	7	1.344240e+01	322	9.287371e+00	3703
37494		8.558966e+00	1909	3.583407e+01	16	2.079358e+01	63
37582		4.406639e+01	21	6.511675e+00	2757	1.573369e+01	488
37614		3.497701e+01	3	2.540931e+01	19	6.908456e+00	2301
37703		2.523385e+01	16	4.251406e+01	14	2.131769e+01	226
37714		1.422554e+01	286	1.367293e+01	208	8.756677e+00	2701
37797		1.079626e+01	384	4.461023e+00	2998	1.110140e+01	1300
37861		1.761787e+01	381	1.817397e+01	197	1.642447e+01	558
37863		9.297374e+00	2356	1.538089e+01	977	3.250493e+01	69
37891		1.917079e+01	335	9.855027e+00	3456	3.673026e+01	9
37930		2.613142e+01	6	5.420790e+00	3188	1.341714e+01	182
38026		8.846531e+00	552	8.963776e+00	2390	4.477088e+01	1
38071		9.762705e+00	329	1.056528e+01	392	1.186724e+01	2224
38107		1.008315e+01	229	1.397306e+01	351	9.407150e+00	2935
38184		4.548843e+01	5	5.409765e+00	2192	9.878913e+00	1709
38286		7.950533e+00	1212	1.084933e+01	1361	1.190889e+01	1826
38415		7.877017e+00	2094	1.335734e+01	465	1.260584e+01	259
38490		8.473453e+00	1553	7.823742e+00	2691	1.505068e+01	443
38588		7.425932e+00	836	6.352208e+00	2695	9.521644e+00	1192
38660		2.823790e+01	33	1.239243e+01	736	1.061119e+01	2180
38707		5.788592e+00	2476	1.733650e+01	304	2.420559e+01	98
38716		2.024687e+01	379	2.049636e+01	212	2.323039e+01	79
38958		1.422488e+01	727	1.865468e+01	237	1.059693e+01	3272
39004		3.080354e+01	1	6.597287e+00	3156	1.383887e+01	2488
39251		9.044767e+00	788	2.382558e+01	208	1.982724e+01	286
39273		7.053780e+00	1836	2.609291e+01	18	1.613314e+01	323
39298		3.438412e+01	12	9.318049e+00	1449	1.297619e+01	1374
39352		2.424128e+01	6	1.425804e+01	3188	1.746637e+01	1496
39755		2.002490e+01	56	3.271635e+01	18	2.064358e+01	378
39761		7.777384e+00	683	1.024738e+01	411	1.503581e+01	793
39833		2.302323e+01	27	1.221010e+01	988	1.442472e+01	1538
39900		2.630082e+01	19	1.928085e+00	2996	1.346980e+01	809
39913		2.103272e+01	40	3.590316e+01	28	1.436058e+01	3122
39956		1.520656e+01	86	1.454630e+01	481	1.398198e+01	1102
39969		1.941459e+01	95	1.284932e+01	485	1.691420e+01	179
39978		1.240256e+01	299	1.562914e+01	454	2.525582e+01	34
39979		2.574687e+01	136	6.308371e+00	1595	1.482638e+01	263
40013		1.148861e+01	180	1.349432e+01	299	1.290473e+01	2215
40119		4.924403e+01	21	1.240968e+01	2179	1.945904e+01	737
40283		4.404345e+00	2056	3.978560e+01	10	1.244231e+01	733
40299		1.420731e+01	1170	2.215719e+01	189	3.177307e+01	80
40314		2.576802e+01	108	1.774343e+01	455	1.832766e+01	857
40321		1.086672e+01	193	4.841490e+01	3	1.295748e+01	1303
40364		1.619891e+01	67	8.463965e+00	2782	1.302422e+01	1314
40487		3.548732e+01	49	2.363822e+01	133	1.128099e+01	1528
40493		2.277782e+01	49	4.743557e+01	1	1.446526e+01	896
40512		1.964855e+01	43	7.897234e+00	2555	1.655722e+01	303
40687		1.637380e+01	28	1.547547e+01	808	1.726676e+01	2579
40818		1.839701e+01	48	1.651662e+01	821	1.696125e+01	1262
41170		5.745786e+00	2100	1.231120e+01	241	2.472066e+01	52
41361		1.433254e+01	139	7.036776e+00	2679	2.237151e+01	92
41386		8.115856e+00	292	1.080018e+01	949	1.053056e+01	3343
41416		2.516871e+01	13	2.362148e+01	94	4.395687e+01	3
41443		1.807342e+01	55	1.845863e+01	262	1.408007e+01	722
41447		7.045015e+00	708	1.008084e+01	1529	1.614512e+01	565
41518		3.402004e+01	36	2.610485e+01	66	1.017095e+01	1917
41531		2.775040e+01	60	1.276153e+01	727	1.178642e+01	2509
41536		4.445849e+00	2665	5.357442e+00	3447	2.561125e+01	31
41911		1.829533e+01	31	1.334785e+01	490	1.188596e+01	3429
41914		2.167325e+01	23	8.862032e+00	3464	1.310320e+01	911
41949		3.209142e+01	14	1.120012e+01	1416	1.551920e+01	2344
42032		8.289475e+00	787	2.913417e+01	47	1.446241e+01	1029
42178		8.950460e+00	323	1.002124e+01	409	1.744220e+01	609
42285		1.987952e+01	42	5.721938e+00	1289	1.304561e+01	1216
42293		1.419851e+01	104	1.060790e+01	1470	1.804385e+01	302
42900		1.923160e+01	65	7.067412e+00	2213	1.910904e+01	432
42921		1.000928e+01	203	1.081881e+01	3521	1.200633e+01	3093
42937		7.910958e+00	259	1.668879e+01	465	4.588092e+01	3
43236		6.015586e+00	1545	4.583623e+01	4	1.443133e+01	159
43240		3.287999e+00	3081	1.170653e+01	263	1.696536e+01	489
43341		8.601118e+00	586	2.317562e+01	79	9.828379e+00	1008
43405		6.677344e+00	2785	7.392942e+00	2347	1.844866e+01	165
43725		9.214420e+00	200	2.872749e+01	70	1.339469e+01	880
43941		8.146821e+00	402	1.163610e+01	481	1.696986e+01	86
44290		1.733339e+01	23	8.700708e+00	2151	9.678237e+00	1688
44435		1.438703e+01	162	3.617747e+01	8	1.382233e+01	1867
44482		9.354091e+00	362	4.423415e+01	3	1.159260e+01	1940
44771		2.605881e+01	34	1.163860e+01	838	2.186413e+01	149
44772		2.055330e+01	70	2.515245e+01	150	3.877554e+01	35
44798		2.038450e+01	40	1.397144e+01	173	6.643962e+00	2391
44853		7.707873e+00	246	1.280405e+01	230	9.018455e+00	2130
45002		9.335550e+00	134	1.064959e+01	658	1.567886e+01	1271
45210		2.031107e+01	97	1.152444e+01	573	2.143205e+01	289
45232		3.412781e+01	61	3.970647e+01	10	1.516213e+01	504
45313		4.736592e+00	2580	1.421006e+01	1986	1.614190e+01	1076
45591		1.024767e+01	735	5.116192e+00	3641	5.173527e+01	1
45600		3.401624e+01	6	1.376100e+01	1067	4.157432e+01	40
45665		3.484157e+01	6	1.567167e+01	301	1.810011e+01	1242
45743		9.204069e+00	488	1.572805e+01	987	2.056607e+01	370
45811		5.506240e+00	1828	8.247730e+00	1271	7.717941e+00	2978
46141		5.458980e+01	4	1.399226e+01	770	3.806238e+01	17
46150		2.081592e+01	67	1.781346e+01	70	1.717346e+01	1561
46231		1.147258e+01	188	1.124126e+01	590	1.530575e+01	792
46247		4.966649e+00	788	9.303383e+00	528	2.820883e+01	53
46522		1.907661e+01	250	1.721947e+01	245	1.279014e+01	2724
46634		1.514321e+01	225	2.005522e+01	115	1.326985e+01	921
46648		9.989026e+00	160	9.209093e+00	2747	1.465030e+01	859
46694		1.629198e+01	242	1.206493e+01	422	4.378899e+01	2
46846		1.308148e+01	398	2.663342e+01	124	1.033698e+01	2745
46937		3.105436e+01	24	1.602005e+01	455	2.979357e+01	50
46976		2.056129e+01	23	1.372556e+01	3464	2.566021e+01	56
47013		1.566774e+01	45	1.341229e+01	179	1.073290e+01	1266
47102		1.388802e+01	89	2.103223e+01	41	7.443081e+00	3613
47107		1.641316e+01	79	1.221561e+01	586	1.384186e+01	498
47307		1.229634e+01	54	9.720096e+00	2247	4.885325e+01	5
47353		9.416313e+00	1189	3.465628e+01	14	1.076045e+01	1292
47764		2.580851e+01	2	5.132900e+00	3444	1.383621e+01	1660
47768		1.402269e+01	68	2.347104e+01	114	2.120398e+01	191
47865		1.181924e+01	111	4.994998e+00	2915	1.120454e+01	912
47961		1.382468e+01	448	9.835020e+00	2708	1.539901e+01	1130
47973		7.803866e+00	279	3.612993e+00	3296	2.879058e+01	55
48011		2.726540e+01	1	1.987642e+01	2280	2.029950e+01	2034
48179		1.036966e+01	383	4.080126e+01	2	1.206343e+01	1938
48366		1.515463e+01	435	1.674061e+01	508	2.004179e+01	556
48445		1.167549e+01	314	1.507757e+01	449	1.477027e+01	399
48926		3.914773e+01	43	1.597188e+01	1218	2.833129e+01	303
48963		1.656283e+01	88	1.487197e+01	513	9.179704e+00	1582
49053		5.244037e+00	3378	1.225844e+01	718	1.505867e+01	397
49074		1.870014e+01	87	1.995908e+01	162	1.215173e+01	1737
49107		1.109667e+01	213	8.869610e+00	949	1.052245e+01	919
49161		2.176497e+01	115	1.240314e+01	436	4.098089e+01	16
49309		2.280124e+01	132	4.737081e+01	8	1.973831e+01	1295
49422		7.391305e+00	188	1.117377e+01	707	1.453586e+01	353
49449		7.434175e+00	2224	1.659369e+01	392	2.311219e+01	124
49879		1.410449e+01	423	7.399071e+00	1716	1.351492e+01	700
50015		1.607410e+01	122	1.098122e+01	1290	1.207431e+01	1188
50345		6.283667e+00	1434	1.990463e+01	85	3.175765e+01	68
50465		1.218231e+01	287	2.148700e+01	44	2.373330e+01	266
50525		7.825134e+00	1425	2.043588e+01	64	2.178669e+01	109
50894		1.658575e+01	78	1.690934e+01	571	1.542668e+01	1052
51193		1.038093e+01	290	2.078924e+01	28	1.360710e+01	2163
51355		3.425681e+01	24	1.108793e+01	1411	1.504489e+01	571
51375		1.485076e+01	120	1.434092e+01	1028	1.463420e+01	929
51376		2.499822e+01	34	1.140910e+01	120	1.098613e+01	2906
51385		2.216462e+01	39	3.416839e+01	57	2.205720e+01	202
51629		1.994282e+01	314	3.847058e+01	15	1.510541e+01	399
51840		4.548848e+00	1956	6.200171e+00	1875	9.687176e+00	780
52077		1.092510e+01	222	2.192591e+01	14	1.686661e+01	242
52526		1.019553e+01	175	8.735101e+00	3237	1.311891e+01	987
52696		7.044785e+00	2552	1.954189e+01	151	2.339002e+01	58
52901		1.014105e+01	1133	9.584548e+00	1227	2.154401e+01	199
53203		4.581824e+01	1	8.097694e+00	2589	2.121629e+01	172
53209		7.747933e+00	1044	7.170316e+00	1882	8.057791e+00	1707
53395		6.571379e+00	933	9.291698e+00	833	3.561017e+01	43
53463		1.006992e+01	825	1.354657e+01	1077	8.633272e+00	2877
53853		1.950628e+01	44	9.378465e+00	1004	1.298358e+01	1203
53957		1.088029e+01	746	1.159841e+01	794	1.765145e+01	610
53960		2.580423e+01	19	2.174173e+01	84	1.644337e+01	809
54142		5.609101e+00	2386	8.813644e+00	1341	3.923664e+01	27
54446		2.933558e+01	5	1.898731e+01	437	2.312756e+01	239
54473		1.767843e+01	80	1.164076e+01	1210	1.060792e+01	1105
54846		1.327243e+01	132	3.028430e+01	10	1.229334e+01	1809
54908		1.031748e+01	509	1.578101e+01	454	1.835241e+01	149
55160		7.371650e+00	1764	1.705682e+01	457	3.067323e+01	33
55275		4.519316e+00	2405	9.630833e+00	1094	7.348181e+00	1699
55961		3.660385e+01	18	1.085905e+01	1607	1.081898e+01	1191
56248		1.386062e+01	312	1.871071e+01	471	1.882537e+01	348
56870		1.030879e+01	1084	1.667496e+01	302	1.008030e+01	2917
57077		6.470012e+00	2049	6.357300e+00	2046	1.610955e+01	282
57245		3.435382e+01	10	2.488669e+01	54	6.926410e+00	3045
57773		2.812050e+01	12	9.041435e+00	805	1.674083e+01	336
57874		1.444497e+01	186	1.257433e+01	499	9.641853e+00	1352
58131		1.613762e+01	102	1.701765e+01	352	1.959180e+01	152
58140		1.218002e+01	851	9.972545e+00	2122	1.357772e+01	746
58221		2.180039e+01	50	3.869018e+01	39	2.735439e+01	202
58316		7.310821e+00	2891	2.229528e+01	146	1.011063e+01	2886
58821		1.014810e+01	211	3.383522e+01	20	2.943258e+01	77
59351		2.603713e+00	2163	1.597057e+01	290	2.048875e+01	77
59633		1.728388e+01	53	3.837459e+01	8	1.122199e+01	2269
59968		1.148546e+01	366	1.095312e+01	1232	9.872155e+00	2342
60525		1.874389e+01	48	1.278380e+01	1169	3.028333e+01	72
62922		3.405725e+01	2	6.864817e+00	2653	1.003089e+01	1938
63348		1.311384e+01	921	9.512328e+00	2410	9.691578e+00	3227
63696		3.743472e+01	6	1.207310e+01	220	9.898092e+00	3661
