8069		5.344401e+00	1343	1.952640e+01	320	1.723770e+01	252
8070		6.764984e+01	1	8.198869e+00	981	1.124586e+01	925
8166		9.300246e+00	115	2.405036e+01	32	1.355330e+01	1802
8168		5.397615e+00	1603	3.655458e+01	4	1.425914e+01	331
8174		9.916129e+00	138	8.826153e+00	3124	3.409612e+01	50
8218		1.115874e+01	236	2.647281e+01	49	5.238901e+01	7
8222		4.652017e+01	6	8.047581e+00	1667	8.550643e+00	3071
8256		4.389964e+00	1068	3.807430e+00	1413	7.530094e+00	2578
8262		1.603376e+01	201	1.109131e+01	1933	9.677093e+00	3753
8281		2.618016e+01	35	1.446601e+01	280	1.250055e+01	1463
8316		1.610216e+01	69	1.060988e+01	3325	1.080925e+01	4164
8334		1.367135e+01	115	2.291844e+01	32	1.180818e+01	938
8347		6.778659e+00	1032	9.088556e+00	907	2.105470e+01	65
8351		1.243009e+01	186	1.287985e+01	592	1.293485e+01	372
8386		3.391248e+01	2	5.945966e+00	2186	4.840043e+00	3983
8393		2.610063e+01	17	1.371876e+01	1106	1.389283e+01	3037
8395		1.614010e+01	99	9.640802e+00	1585	1.124569e+01	2741
8401		5.429137e+01	1	1.520092e+01	2512	1.523349e+01	4317
8435		6.974401e+00	192	1.445609e+01	200	1.047284e+01	1899
8443		7.244201e+00	782	4.591253e+01	8	6.936925e+00	1013
8451		2.097321e+01	18	2.576082e+01	13	9.772053e+00	3487
8456		2.357940e+01	147	1.113705e+01	1770	1.664815e+01	1221
8468		7.290988e+00	2641	5.644484e+01	3	7.877523e+00	4006
8484		1.242640e+01	152	5.885578e+00	805	7.346047e+00	2786
8491		8.865924e+00	3867	1.285934e+01	2426	1.930889e+01	216
8515		4.776861e+01	5	7.324645e+00	1046	1.216312e+01	2840
8527		3.010709e+01	136	4.701339e+01	5	1.079919e+01	837
8529		1.994089e+00	2085	2.079182e+01	60	6.969507e+01	3
8543		1.467235e+01	101	1.462659e+01	369	1.321503e+01	2565
8550		4.990479e+00	3295	1.411192e+01	428	6.561319e+00	1274
8553		3.223986e+01	34	1.414936e+01	450	9.816673e+00	1035
8557		2.756219e+01	13	3.809716e+01	18	1.421620e+01	2217
8582		7.247249e+00	258	7.897410e+00	2561	1.325901e+01	627
8614		4.485881e+00	399	9.623249e+00	1245	1.209117e+01	305
8642		7.311153e+00	3194	2.809296e+01	32	1.840094e+01	349
8647		2.454478e+01	17	1.374004e+01	735	1.197900e+01	1915
8685		3.560239e+00	2747	3.890783e+00	2546	2.706297e+01	29
8710		8.611126e+01	1	5.893864e+00	2915	6.036152e+00	2670
8715		6.208267e+00	566	1.371109e+01	251	1.124242e+01	341
8734		1.158975e+01	200	1.518714e+01	192	1.177320e+01	4247
8741		3.302572e+00	1576	1.581081e+01	87	7.625107e+00	780
8753		4.479196e+01	7	8.643205e+00	4275	1.032578e+01	1383
8765		4.003810e+01	23	3.713064e+01	33	1.484069e+01	3489
8788		7.827353e+00	313	8.433450e+00	2657	9.552073e+00	3292
8835		4.954230e+01	3	1.387592e+01	838	1.326929e+01	1100
8840		4.420009e+01	7	1.287131e+01	987	1.064191e+01	3406
8908		1.277144e+01	82	9.000699e+00	2749	1.164215e+01	3523
8914		3.058250e+01	13	1.035048e+01	555	9.160924e+00	1508
8924		2.956608e+01	54	1.575674e+01	171	1.545801e+01	319
8935		1.252226e+01	436	1.633006e+01	171	8.347612e+00	1827
8948		1.181313e+00	2582	5.294498e+01	3	3.765202e+00	3785
8959		7.762183e+01	1	7.656430e+00	1576	2.444567e+01	87
8965		6.211219e+00	376	9.198709e+00	3939	6.626380e+01	4
8967		4.432108e+01	6	7.190801e+00	2549	1.407817e+01	542
8991		3.123877e+01	8	2.371665e+01	678	1.701050e+01	3315
9004		1.229285e+01	77	6.979956e+00	1277	2.118086e+01	89
9014		9.258134e+00	4050	1.263792e+01	4075	1.562636e+01	1255
9038		2.074116e+01	135	1.662706e+01	497	1.418584e+01	1131
9045		3.049297e+00	1833	9.200407e+00	252	8.061701e+00	468
9080		4.448939e+01	2	1.342784e+01	1881	2.075436e+01	238
9081		5.751833e+01	1	1.120241e+01	3550	1.273649e+01	3536
9145		4.039606e+00	1413	6.581131e+00	1068	6.571551e+00	2578
9152		2.626250e+01	36	8.075753e+00	3065	2.297025e+01	63
9172		9.011722e+00	116	6.563809e+00	2147	7.034840e+01	1
9208		1.934697e+01	18	2.261579e+01	13	2.115869e+01	1089
9216		4.078140e+01	14	7.538511e+00	464	8.647834e+00	3153
9234		2.067075e+01	30	1.042479e+01	798	1.348240e+01	3626
9244		2.042829e+01	153	1.128605e+01	4145	1.149382e+01	2497
9257		4.562858e+01	4	3.716555e+01	136	2.088241e+01	218
9281		2.593690e+01	48	9.236636e+00	670	2.021716e+01	59
9311		2.665816e+01	31	1.328947e+01	694	1.350495e+01	467
9321		4.099127e+01	2	1.967608e+01	347	1.853123e+01	546
9326		5.948158e+01	1	1.088662e+01	3060	1.184744e+01	2759
9349		1.529225e+01	340	2.886646e+01	140	1.564641e+01	1261
9374		7.606530e+01	1	1.262328e+01	641	3.754988e+01	9
9381		8.192205e+00	1238	8.303807e+00	519	6.020700e+01	2
9405		5.632812e+00	2607	1.099602e+01	3853	1.678978e+01	503
9427		4.671858e+01	7	1.371837e+01	4042	1.750785e+01	1194
9438		1.992554e+01	83	1.014768e+01	2383	1.414758e+01	1622
9445		3.758818e+00	2357	1.677902e+01	165	6.978572e+00	3454
9447		1.982001e+01	140	7.805263e+00	3072	1.078573e+01	3584
9457		1.276249e+01	254	1.463037e+01	652	1.466735e+01	4025
9486		1.343850e+01	123	8.831554e+00	882	6.967288e+00	2632
9509		9.482758e+00	67	2.051616e+01	130	2.697261e+01	86
9512		2.477740e+01	79	4.595835e+01	16	2.156608e+01	201
9530		1.174048e+01	60	2.049854e+01	164	6.918131e+01	3
9543		7.569482e+00	121	1.008217e+01	905	2.809956e+01	50
9565		9.146804e+00	906	1.131642e+01	4253	5.151303e+01	7
9583		2.440147e+01	14	1.658338e+01	178	4.753325e+01	2
9611		5.370695e+00	429	2.316830e+01	33	1.153385e+01	2136
9617		6.747262e+01	2	2.632552e+01	45	5.338539e+01	19
9619		8.241474e+00	3781	6.740255e+01	5	2.139039e+01	384
9622		1.978353e+01	17	1.124971e+01	676	1.590100e+01	3621
9627		3.277641e+00	851	5.151579e+00	1410	2.039082e+01	103
9632		5.304296e+00	605	7.580940e+01	1	7.519867e+00	2543
9634		1.616436e+01	135	9.629737e+00	1275	1.229949e+01	453
9646		5.928120e+00	948	4.440075e+01	5	9.128985e+01	1
9657		6.197278e+00	415	6.800371e+00	1065	7.126808e+00	3557
9665		3.555944e+01	3	1.507165e+01	3843	1.696729e+01	1467
9670		1.789777e+01	310	1.248907e+01	1906	2.909042e+01	77
9687		1.255310e+01	350	1.185680e+01	576	1.957757e+01	97
9756		8.228189e+00	466	2.364769e+01	30	7.446480e+00	3058
9778		3.834111e+01	18	1.314143e+01	2369	1.598082e+01	1913
9782		9.888999e+00	3600	8.991731e+00	2767	1.114892e+01	3607
9797		7.330613e+00	2727	8.834604e+00	1579	1.478932e+01	675
9801		8.697173e+00	1047	1.572759e+01	134	1.799404e+01	182
9812		7.476322e+01	1	1.084614e+01	1974	1.314314e+01	1614
9856		1.116562e+01	4157	1.387362e+01	2673	1.405298e+01	3331
9879		4.275111e+01	3	7.958485e+00	845	1.218010e+01	2871
9890		3.453383e+00	1458	1.673907e+01	106	8.157185e+00	1691
9905		2.330771e+01	22	1.556577e+01	300	1.626842e+01	1003
9912		2.947700e+00	2986	2.360008e+01	70	9.935845e+00	3453
9932		1.595606e+01	97	2.302239e+01	18	9.472276e+00	869
9939		1.274070e+01	1281	1.067366e+01	3775	3.726260e+01	85
9946		7.400203e+00	1882	1.315519e+01	979	1.439530e+01	637
9979		6.665863e+01	2	2.359495e+01	139	1.512955e+01	526
9995		6.059555e+00	596	9.054632e+00	1734	2.683645e+01	13
10018		3.937021e+01	4	8.687158e+00	631	7.786089e+00	1936
10071		3.148691e+00	2113	1.025464e+01	740	6.733891e+00	4183
10075		8.881830e+01	1	1.238048e+01	1571	1.661170e+01	261
10078		4.770900e+01	6	1.750604e+01	157	1.480953e+01	530
10081		1.797599e+01	35	1.011320e+01	352	6.777051e+00	3043
10088		2.022469e+01	137	7.102440e+00	4304	1.080486e+01	2967
10092		6.620168e+00	3790	8.866161e+00	1248	7.247380e+00	3135
10098		6.583416e+00	3859	1.064768e+01	3179	5.807352e+01	4
10101		3.518939e+00	2980	8.670153e+00	1739	7.549118e+00	2981
10126		2.151978e+01	89	7.919269e+00	924	1.259110e+01	316
10128		5.879141e+00	3611	2.961292e+01	33	1.591546e+01	258
10157		7.019285e+00	222	6.243436e+00	2121	1.430729e+01	1051
10194		1.729302e+01	122	1.056548e+01	889	1.200956e+01	1142
10206		2.246049e+01	16	3.881401e+01	11	3.403969e+01	21
10218		7.325002e+00	414	1.430618e+01	421	1.086412e+01	1186
10254		1.364799e+01	97	9.479848e+00	595	1.727971e+01	404
10292		1.362061e+01	110	5.061130e+00	1694	1.796651e+01	70
10299		1.653707e+01	251	5.052692e+01	5	1.230816e+01	2843
10302		4.306767e+00	1672	1.907748e+01	72	7.707463e+00	3801
10313		2.653369e+01	33	2.896848e+01	51	1.938268e+01	140
10329		9.459542e+00	267	1.032080e+01	305	1.220434e+01	1179
10341		1.087670e+01	2417	2.579641e+01	50	3.867332e+01	11
10354		9.693735e+00	177	1.391517e+01	160	9.490124e+00	873
10366		1.130792e+01	2494	8.487998e+01	1	1.449124e+01	3339
10375		2.742026e+01	22	7.490528e+00	480	7.464423e+00	1530
10378		5.564553e+00	2157	6.354490e+00	1588	6.990237e+01	5
10394		5.192397e+00	2627	8.648852e+00	1449	3.128634e+01	38
10430		9.179576e+00	210	3.257805e+01	38	1.243714e+01	1990
10434		4.186258e+00	1685	6.822528e+00	2196	8.363834e+00	2902
10498		4.575546e+01	3	6.359977e+00	1764	9.587946e+00	1681
10534		9.576647e+00	1333	1.949299e+01	84	1.608044e+01	256
10561		2.284006e+01	102	1.347142e+01	1537	1.358572e+01	4026
10571		1.940572e+01	45	8.848366e+00	2107	1.333495e+01	669
10597		1.622517e+01	133	3.753986e+01	19	1.183593e+01	3199
10611		2.259207e+01	35	1.005168e+01	1067	1.149225e+02	1
10624		5.355673e+00	3304	5.793028e+00	1541	5.327289e+01	7
10630		4.748941e+01	6	1.537209e+01	535	2.116681e+01	119
10651		1.772130e+01	101	1.508324e+01	159	8.495330e+00	2777
10668		1.111469e+01	3119	1.934115e+01	394	3.358474e+01	24
10690		5.239482e+01	17	1.396776e+01	242	9.020225e+00	2240
10695		3.172228e+00	3509	1.033192e+01	1386	1.001492e+01	2736
10719		5.150238e+01	1	1.019254e+01	3407	1.252210e+01	791
10737		4.388376e+00	1523	5.577228e+00	852	1.075051e+01	419
10742		1.149481e+01	1093	1.267384e+01	2410	2.364514e+01	157
10757		3.110391e+01	7	9.336117e+00	1103	8.254430e+00	3310
10772		1.446450e+01	81	1.850540e+01	1794	3.788621e+01	27
10773		2.689825e+01	40	1.023908e+01	1191	1.227014e+01	966
10824		3.212222e+01	34	6.543577e+00	2595	7.226850e+00	2824
10836		2.361370e+01	165	2.550562e+01	156	4.668033e+01	9
10842		7.339133e+00	1007	8.599836e+01	1	6.832807e+00	2951
10860		1.939777e+01	71	9.779618e+00	2524	1.080072e+01	2983
10871		6.025074e+00	2305	6.602778e+00	3970	3.843768e+01	10
10897		8.449026e+00	434	1.023410e+01	251	7.313626e+00	2179
10977		3.590436e+01	9	3.277976e+01	23	1.468918e+01	3039
10980		3.566964e+01	3	9.947940e+00	2089	1.405280e+01	545
11002		9.763729e+00	2675	1.029556e+01	2680	1.045520e+02	1
11017		5.184318e+00	2267	8.912469e+00	843	7.561080e+00	2397
11019		7.257540e+00	4145	1.508671e+01	577	1.821963e+01	474
11028		1.098067e+01	918	1.977037e+01	484	1.386755e+01	2550
11039		6.249171e+01	1	1.494659e+01	2703	1.675887e+01	1090
11049		1.518332e+01	221	8.744856e+00	3321	5.866026e+01	2
11050		4.442996e+00	1859	2.216676e+01	68	2.546713e+01	50
11088		1.544366e+01	63	7.257820e+00	3654	1.532107e+01	370
11091		9.344500e+00	313	1.485323e+01	325	1.050008e+01	4092
11100		3.495839e+01	18	2.746211e+01	71	1.294027e+01	2977
11107		1.161598e+01	213	5.720519e+00	947	8.074481e+00	1796
11147		8.788540e+00	3078	3.649376e+01	29	1.297958e+01	2787
11159		2.107881e+01	159	7.205012e+00	3073	6.801745e+00	3683
11178		3.696254e+00	3884	3.648742e+01	3	8.149903e+00	3200
11186		1.679642e+01	17	1.296110e+01	1915	2.049789e+01	1135
11189		8.837484e+00	145	1.847080e+01	61	1.171367e+01	2822
11194		1.083380e+01	616	1.508544e+01	382	1.560690e+01	2588
11213		1.100330e+01	320	1.251605e+01	1115	2.068021e+01	252
11230		6.209170e+01	2	8.613834e+00	1497	1.381286e+01	418
11245		6.665197e+00	3791	1.803028e+01	53	2.419573e+01	459
11248		3.483267e+00	1728	6.212358e+00	462	2.073260e+01	28
11261		2.424288e+01	33	1.551793e+01	429	1.314549e+01	1622
11275		9.028628e+00	247	1.495917e+01	81	1.971364e+01	174
11282		8.936963e+00	688	9.555412e+00	244	1.088113e+01	2352
11284		1.471330e+01	92	2.410538e+01	52	1.037828e+01	2649
11289		3.417618e+00	1323	4.642405e+00	3412	5.057192e+00	3436
11301		2.500416e+01	105	2.735824e+01	56	1.705728e+01	703
11302		1.245303e+01	1086	1.280190e+01	420	1.114863e+01	3937
11303		6.854079e+01	1	9.011166e+00	4237	1.105719e+01	1779
11361		1.227454e+01	106	4.596215e+01	7	1.583940e+01	451
11363		8.159321e+00	935	1.436470e+01	549	1.301375e+01	1346
11370		7.807985e+00	712	7.527544e+00	3830	1.311717e+01	3778
11390		9.211096e+01	1	1.640587e+01	652	1.818643e+01	637
11417		1.571091e+01	59	7.516613e+00	1478	1.271489e+01	670
11453		6.517568e+01	3	6.204606e+00	1710	1.118602e+01	719
11457		1.211027e+01	331	8.481793e+00	1819	4.864220e+01	4
11469		8.529761e+00	456	6.494943e+00	2366	7.418895e+00	1910
11476		9.501583e+00	184	9.086028e+00	1077	1.408924e+01	253
11481		1.878229e+01	318	7.499810e+00	1683	1.749223e+01	238
11493		4.668427e+00	3142	2.097835e+01	150	4.361643e+01	4
11506		7.711067e+00	1128	1.185417e+01	642	2.664440e+01	25
11524		7.446199e+00	715	1.048135e+01	524	2.023481e+01	104
11556		6.449997e+00	450	2.520892e+01	79	1.152711e+01	611
11584		1.939755e+01	53	1.198490e+01	286	6.851076e+00	3756
11587		5.649635e-01	3941	1.630671e+01	147	2.789416e+01	67
11597		3.757160e+01	3	1.370965e+01	1450	1.268756e+01	1766
11613		5.788538e+01	7	9.738653e+00	2025	3.663777e+01	400
11618		7.871614e+00	537	4.798012e+00	3820	5.604468e+00	1939
11630		4.566722e+00	506	2.297736e+01	31	1.084754e+01	2620
11657		4.219212e+00	633	5.284714e+00	781	9.049294e+00	609
11688		8.079382e+00	150	5.393522e+01	5	9.752759e+00	774
11698		1.998836e+01	47	1.344392e+01	143	2.898582e+01	51
11728		2.910107e+01	65	1.148286e+01	3661	1.457704e+01	2265
11729		5.979598e+01	1	1.208742e+01	791	1.008516e+01	3404
11746		1.755341e+01	41	1.246586e+01	278	1.867821e+01	590
11748		3.534873e+00	4062	3.098870e+01	19	2.881031e+01	20
11774		2.791896e+00	3609	9.047116e+00	253	8.832727e+00	1077
11783		2.141198e+01	17	1.204856e+01	676	1.598472e+01	1915
11788		1.426379e+01	82	6.073277e+00	2533	2.484145e+01	250
11795		2.938355e+01	19	1.218618e+01	876	3.561355e+01	20
11810		1.743874e+01	225	6.476073e+00	4117	1.429314e+01	276
11812		5.162349e+00	1163	2.858550e+01	64	1.281160e+01	1198
11882		6.164276e+01	1	1.375429e+01	4238	1.636057e+01	1779
11904		7.211399e+01	7	6.306013e+00	2005	1.507186e+01	407
11949		3.273207e+01	13	3.528211e+01	26	1.016914e+01	1367
11986		1.163312e+01	630	7.409933e+01	7	7.437204e+00	3223
12013		2.425707e+01	150	1.002052e+01	674	3.904391e+01	4
12023		4.329623e+01	14	1.599975e+01	1017	1.151064e+01	3641
12027		4.986079e+01	2	3.861854e+01	19	1.571567e+01	1086
12029		4.759132e+01	2	1.570742e+01	193	2.178957e+01	546
12034		4.181862e+01	3	3.318022e+01	34	1.643368e+01	2823
12059		1.044669e+01	459	6.910221e+00	3834	7.026018e+00	3828
12112		3.850865e+01	7	1.057296e+01	481	8.913953e+00	4046
12152		2.059530e+01	67	8.228555e+00	3893	1.184365e+01	2179
12169		2.521900e+01	27	8.019121e+00	3505	1.820411e+01	438
12189		1.366523e+01	95	5.522964e+01	6	6.690787e+01	1
12211		1.166346e+01	101	1.855199e+01	401	2.528097e+01	501
12280		2.006694e+01	48	1.363366e+01	670	1.226289e+01	2337
12389		4.316784e+00	2830	2.566714e+01	38	1.190114e+01	517
12403		7.817758e+00	374	9.904005e+00	3460	1.184359e+01	1385
12425		9.300145e+00	1174	1.314487e+01	719	1.020804e+01	3771
12445		6.953381e+01	1	1.371073e+01	4176	1.378429e+01	2947
12455		5.180408e+01	19	1.319855e+01	1361	2.043890e+01	334
12488		7.454197e+00	187	1.014492e+01	4056	1.575054e+01	600
12511		7.459774e+00	1270	7.930346e+00	2077	1.276430e+01	829
12518		1.223008e+01	209	6.171703e+00	2354	1.083531e+01	527
12520		3.524727e+01	2	1.509597e+01	2629	1.566933e+01	2186
12556		3.710979e+01	9	8.473243e+00	2732	9.626297e+00	1203
12558		1.421635e+01	57	2.135787e+01	72	2.767551e+01	53
12580		2.113750e+01	92	1.208244e+01	378	1.280288e+01	700
12581		1.317844e+01	526	7.449287e+01	5	1.241837e+01	1809
12615		2.247400e+01	72	2.967060e+01	14	1.087568e+01	178
12641		1.112872e+01	440	1.399706e+01	386	9.979303e+00	2874
12680		6.490526e+01	1	6.785634e+00	2946	7.148877e+00	4241
12742		5.103502e+00	1629	2.338655e+01	270	2.608750e+01	72
12745		7.932613e+00	396	1.319684e+01	1012	1.127487e+01	2309
12747		6.192886e+00	895	7.310125e+00	3260	1.967652e+01	265
12764		9.617427e+00	109	9.488012e+00	346	1.036328e+01	2218
12767		8.388399e+00	460	5.883534e+00	2042	8.113689e+00	1040
12780		6.178991e+01	1	1.781123e+01	1617	2.031113e+01	1908
12810		9.628425e+00	370	6.253123e+00	2248	6.408062e+00	3045
12825		4.136158e+00	832	4.722521e+00	2195	3.461555e+01	37
12830		5.546255e+01	2	1.697465e+01	224	5.536054e+00	4043
12843		1.115213e+01	86	6.566911e+00	3242	1.446845e+01	235
12852		2.506052e+01	17	5.612363e+00	2564	1.280086e+01	1978
12864		1.037666e+01	153	9.821602e+00	2497	1.023604e+01	2502
12873		7.562097e+00	616	1.369460e+01	180	9.666128e+00	2588
12900		4.783224e+01	1	1.126506e+01	3019	1.392386e+01	3014
12908		2.511928e+01	21	1.920379e+01	73	2.580065e+01	42
12928		2.498368e+01	9	6.267453e+00	2708	1.403850e+01	2963
12988		4.522063e+01	3	1.695857e+01	2087	1.871079e+01	1378
12994		1.506015e+01	71	6.036940e+00	1657	1.225382e+01	1226
13013		5.200592e+01	1	2.051432e+01	1205	2.109221e+01	902
13028		1.404357e+01	323	1.665330e+01	2696	2.762213e+01	43
13049		5.787226e+00	740	1.353543e+01	319	1.040599e+01	1778
13054		2.123478e+01	65	1.204234e+01	773	4.545523e+01	17
13066		3.213278e+01	37	1.504504e+01	390	1.149436e+01	2904
13072		4.724512e+01	3	8.240929e+00	838	9.078963e+00	1568
13096		5.986746e+01	1	1.935110e+01	155	1.929987e+01	401
13139		5.602152e+01	7	1.148455e+01	2025	5.438210e+01	19
13144		3.907328e+00	712	8.572128e+00	2595	1.028859e+01	2824
13158		1.681085e+01	209	1.089091e+01	610	1.287672e+01	695
13164		2.291488e+01	115	2.987119e+01	32	1.286350e+01	1526
13189		1.855755e+01	50	8.788560e+00	2070	1.338460e+01	388
13200		1.358260e+01	61	1.882765e+01	448	1.437625e+01	3126
13210		3.544147e+01	43	1.305806e+01	3384	5.448659e+01	12
13221		9.963288e+00	757	1.681953e+01	457	4.689502e+01	12
13237		1.736512e+01	192	8.605949e+00	2500	2.329349e+01	200
13267		6.046888e+00	4065	4.442732e+01	7	1.358767e+01	422
13268		1.598597e+01	45	1.460536e+01	2122	1.716234e+01	4198
13289		2.849029e+01	69	2.525766e+01	87	1.241269e+01	1061
13296		1.424525e+01	58	1.552177e+01	308	1.052744e+01	2870
13342		8.245458e+00	2256	1.048304e+01	1328	1.023127e+01	1623
13351		1.229205e+00	2446	3.634130e+00	2621	5.420164e+00	3914
13355		7.357396e+01	1	1.324996e+01	656	1.417004e+01	2689
13379		4.856802e+00	1034	9.804536e+00	260	7.667949e+00	642
13380		7.020022e+00	1484	7.569236e+00	2243	2.534078e+01	30
13389		2.408344e+01	9	6.398622e+00	3429	6.712659e+00	3428
13391		5.764133e+00	1438	1.641668e+01	112	6.340519e+00	3108
13415		7.570869e+00	3000	1.258792e+01	541	1.182607e+01	2728
13469		5.014860e+00	253	8.591915e+00	1178	8.460900e+00	2376
13473		4.548716e+01	7	9.781789e+00	1194	1.148711e+01	3994
13539		2.038489e+01	24	1.528214e+01	548	1.315856e+01	3595
13594		6.094451e+01	3	4.914695e+00	3116	1.356987e+01	402
13597		6.305011e+01	1	1.843873e+01	75	9.557022e+00	2384
13640		7.984851e+00	520	1.427397e+01	557	1.003191e+01	3128
13644		5.200005e+01	12	7.310710e+00	498	2.723535e+01	323
13659		1.137807e+01	153	8.297579e+00	1167	1.109189e+01	2509
13683		5.925974e+00	2805	1.507040e+01	190	3.070797e+01	14
13688		3.261129e+01	37	5.499836e+00	2904	1.112054e+01	4080
13691		4.116608e+00	579	8.783021e+00	1099	1.099177e+01	289
13699		6.187415e+01	3	1.291252e+01	860	1.301866e+01	4078
13707		5.523550e+01	19	2.461028e+01	179	2.395485e+01	193
13710		8.603326e+00	195	2.444844e+01	65	1.125524e+01	1798
13727		7.142365e+00	3495	9.834999e+00	1615	1.151701e+01	2133
13738		3.560221e+00	1513	6.816031e+00	612	1.151331e+01	2726
13740		1.591708e+01	103	6.445137e+01	3	1.272625e+01	1268
13774		7.521247e+00	674	2.262837e+01	150	4.181248e+01	4
13787		1.063007e+01	167	7.630513e+00	2194	1.746803e+01	230
13790		8.358145e+00	2317	9.450364e+00	2466	1.251844e+01	1113
13799		4.837114e+01	5	7.646613e+01	1	1.780688e+01	366
13822		3.047103e+01	11	2.643988e+01	134	3.528790e+01	41
13832		4.451018e+00	333	8.500344e+00	632	6.390034e+00	2326
13837		4.816628e+01	1	2.241695e+01	223	9.461242e+00	3003
13849		1.147169e+01	255	4.841403e+00	4301	1.466095e+01	168
13887		5.944086e+01	1	1.597683e+01	879	1.390298e+01	1030
13888		7.889490e+01	1	1.153733e+01	784	1.116235e+01	433
13942		5.996868e+00	675	6.113402e+00	1618	6.015405e+00	1579
13959		5.261158e+00	3522	2.974285e+01	23	3.787635e+01	9
13983		9.997392e+00	176	1.032067e+01	2453	1.372093e+01	2449
14006		8.921061e+00	2225	1.177614e+01	1321	1.078845e+01	1972
14040		4.488002e+00	3220	4.774531e+01	3	2.085671e+01	263
14047		4.655922e+01	3	1.470382e+01	1005	1.501741e+01	919
14048		4.648875e+01	12	1.593288e+01	173	1.749096e+01	1547
14051		5.257226e+01	3	1.460936e+01	467	1.136626e+01	1679
14054		2.271289e+01	35	1.082774e+01	2378	1.118746e+01	3655
14073		6.453083e+00	1221	2.414940e+01	26	2.204475e+01	235
14093		3.720299e+01	6	2.743617e+01	27	1.876616e+01	1738
14118		6.385010e+00	1140	4.445594e+00	1210	5.777062e+01	3
14182		1.625283e+00	3661	8.736653e+00	3635	1.106530e+01	3644
14185		6.934461e+00	1667	7.105977e+01	1	5.002253e+01	6
14201		3.844370e+00	4241	6.636835e+01	1	6.940604e+00	2211
14205		9.046175e+01	1	9.236372e+00	4116	1.395912e+01	652
14223		5.231754e+00	720	1.229349e+01	154	7.841043e+00	900
14227		5.533364e+00	606	9.174604e+00	1008	7.530096e+00	3048
14234		6.923208e+00	198	7.313613e+00	3668	2.180670e+01	65
14259		1.998673e+01	17	1.196177e+01	2564	1.579392e+01	3651
14278		2.958611e+01	27	1.571155e+01	398	2.131241e+01	188
14299		5.256391e+00	1008	1.482258e+01	330	1.241562e+01	606
14302		3.423854e+00	4259	7.658571e+00	550	1.005227e+01	416
14332		2.209195e+01	52	1.256492e+01	648	2.529224e+01	54
14338		4.296764e+00	3635	3.936461e+01	39	9.411584e+00	3644
14352		8.742016e+00	845	4.175523e+01	3	1.035393e+01	2292
14361		3.031432e+01	12	2.075345e+01	91	1.026138e+01	1304
14381		2.910528e+01	6	1.289718e+01	2538	1.632129e+01	3002
14385		1.455288e+01	89	2.104983e+01	77	1.538427e+01	437
14386		1.126320e+01	969	1.081666e+01	246	1.958049e+01	243
14388		2.101423e+01	25	8.890083e+00	1630	1.018775e+01	2081
14393		8.593344e+01	1	8.440464e+00	2501	4.762274e+01	9
14470		6.724722e+00	4304	7.935406e+00	4315	1.390284e+01	525
14476		1.956204e+01	53	2.324261e+01	83	8.958324e+00	2797
14489		3.677976e+01	25	1.327909e+01	479	1.029431e+01	1272
14551		5.760624e+00	3021	2.528458e+01	35	8.861983e+00	3533
14572		1.536908e+01	41	3.321021e+01	11	1.160637e+01	385
14597		1.812057e+01	31	2.027189e+00	3887	9.865196e+00	1121
14621		8.965903e+00	1051	1.431224e+01	222	1.291800e+01	2706
14624		2.608501e+01	24	7.991171e+00	2784	1.484442e+01	2774
14632		7.220243e+00	2011	7.636778e+00	3942	1.140162e+01	882
14651		1.124278e+01	297	9.826603e+00	213	7.019589e+00	2763
14659		2.015263e+01	69	8.053767e+00	3325	9.553619e+00	1688
14701		3.688352e+01	4	7.378179e+00	3142	9.906961e+01	1
14728		2.357755e+01	30	5.203142e+00	2748	1.039670e+01	466
14740		3.149155e+01	16	2.149313e+01	83	2.346616e+01	44
14760		3.152315e+01	8	1.186220e+01	1507	1.201208e+01	4174
14796		1.587715e+01	2650	1.933176e+01	268	1.578601e+01	3301
14809		1.506940e+01	148	2.511869e+01	105	1.523705e+01	1838
14819		4.643205e+01	2	1.755624e+01	175	1.488956e+01	3926
14828		1.245158e+01	412	3.183897e+01	44	1.744949e+01	1326
14859		4.744794e+01	3	7.836132e+00	1759	1.448763e+01	1184
14873		8.403153e+00	994	7.489917e+00	1370	1.029320e+01	1132
14876		2.751699e+01	13	2.280547e+01	18	1.165298e+01	1971
14899		1.016512e+01	535	1.346273e+01	119	1.328206e+01	409
14907		9.099981e+00	669	1.787111e+01	361	1.321379e+01	2336
14926		1.477884e+01	520	1.758429e+01	557	1.172533e+01	3807
14989		2.182720e+01	56	8.347645e+00	2493	1.697439e+01	225
14990		4.132980e+01	5	9.208390e+01	1	1.386813e+01	645
14997		5.182181e+01	3	9.104393e+00	1005	2.332123e+01	79
15014		2.053875e+01	117	1.676601e+01	661	1.644851e+01	1601
15028		5.065095e+01	17	1.564480e+01	1699	3.391561e+01	51
15037		8.305869e+00	239	7.835215e+00	1813	2.259081e+01	554
15072		6.309796e+00	4112	5.831919e+01	8	1.113618e+01	4087
15077		4.579453e+00	659	4.680009e+00	2686	9.344182e+00	1147
15093		9.086700e+00	1179	1.238439e+01	305	7.302479e+00	3066
15102		1.842406e+01	74	7.352725e+00	1150	7.269003e+00	4264
15121		2.944302e+00	3213	5.769743e+00	855	7.782370e+00	585
15130		8.221981e+00	1272	3.930786e+01	25	1.265754e+01	479
15137		6.652173e+01	3	1.574675e+01	145	1.759680e+01	162
15154		3.564697e+01	7	1.160296e+01	1273	1.913234e+01	202
15180		3.999773e+01	6	1.799752e+01	55	1.286692e+01	3070
15187		4.862083e+01	4	2.903557e+01	136	1.345275e+01	598
15236		3.944971e+01	7	8.450993e+00	783	1.700846e+01	106
15252		5.761424e+00	2213	2.785714e+01	56	8.971919e+00	4225
15287		3.174773e+01	27	2.193283e+01	188	4.257221e+01	6
15372		1.073795e+01	2299	3.012220e+01	58	1.938881e+01	629
15379		9.855784e+00	1633	9.375690e+00	3910	2.465384e+01	113
15460		6.282868e+00	1249	6.349425e+00	1271	2.109406e+01	66
15488		4.748251e+01	14	1.351849e+01	274	9.173177e+00	2421
15489		2.279629e+01	17	7.960254e+00	3651	1.097710e+01	2564
15503		2.381885e+01	10	8.808493e+00	807	1.312618e+01	2182
15515		3.625773e+01	3	1.021095e+01	3843	2.172729e+01	540
15529		1.397730e+01	1620	3.581675e+01	47	3.842246e+01	17
15542		1.936229e+01	41	7.120151e+00	3909	1.110745e+01	1447
15554		8.471372e+00	419	1.051007e+01	1523	8.165675e+00	3798
15604		5.242597e+01	2	8.499313e+00	4022	1.202682e+01	2311
15609		2.171207e+01	63	4.997503e+00	3689	6.099409e+00	3092
15644		7.666637e+01	1	1.813734e+01	2155	3.106596e+01	55
15651		3.149104e+01	14	6.046351e+00	2587	1.263436e+01	2828
15659		4.038066e+00	2066	8.211378e+00	533	3.456479e+01	29
15663		3.014137e+00	1546	2.500179e+01	143	9.198234e+00	1309
15699		3.020690e+00	937	1.348024e+01	201	7.161482e+00	2163
15705		9.439527e+00	138	1.019236e+01	1526	3.535678e+01	50
15730		1.479376e+01	492	1.364941e+01	1050	1.902053e+01	241
15746		5.952696e+00	391	1.334397e+01	109	2.223848e+01	62
15796		2.764618e+01	140	1.692988e+01	340	4.747562e+01	23
15804		1.290166e+01	51	4.335169e+00	2239	7.864382e+00	1845
15833		1.837330e+01	61	1.517827e+01	2166	4.019513e+01	65
15835		4.684850e+00	2475	5.023623e+00	2906	6.488436e+00	1541
15855		1.282737e+01	123	3.708560e+00	2439	8.686163e+00	362
15868		5.636281e+00	2767	3.792024e+01	36	2.506337e+01	63
15870		4.930816e+01	8	1.011525e+01	3389	1.294742e+01	4245
15872		8.655026e+00	3204	3.127958e+01	11	2.673902e+01	298
15910		2.804251e+01	9	2.013351e+01	824	1.902120e+01	2708
15941		1.386236e+01	63	1.947808e+01	36	7.411203e+00	2068
15964		2.053308e+01	105	6.424718e+00	1897	7.405876e+00	4246
16008		5.078358e+00	1186	3.250370e+01	40	1.189093e+01	147
16014		5.269868e+01	19	7.444195e+00	1607	1.100846e+01	1773
16058		1.810718e+01	21	2.165785e+01	3568	2.290407e+01	2727
16097		3.028989e+01	18	2.862137e+01	71	1.538804e+01	1306
16101		4.823923e+00	1314	1.290256e+01	177	1.331774e+01	1060
16140		1.065835e+01	331	1.521564e+01	186	1.066797e+01	4004
16146		6.502074e+00	3498	7.388972e+00	3461	1.255778e+01	412
16157		1.168201e+01	169	4.119838e+00	1348	1.261397e+01	245
16158		1.074868e+01	333	3.555258e+01	15	1.008183e+01	2326
16159		2.703275e+00	3265	1.094986e+01	372	1.411232e+01	592
16177		2.360828e+00	1499	2.097950e+01	38	7.183043e+00	1098
16233		8.749373e+01	1	7.308645e+00	2915	7.936892e+00	2670
16249		1.841684e+01	68	6.408389e+00	1859	1.123419e+01	625
16274		2.897268e+00	1179	1.141973e+01	305	6.624881e+00	3066
16387		9.358693e+00	209	8.088277e+01	1	9.785150e+00	610
16407		1.784896e+01	47	6.862252e+00	2730	4.511227e+01	12
16428		1.880692e+01	24	8.532955e+00	1058	2.809978e+01	42
16432		8.963403e+00	712	1.262249e+01	2824	1.441974e+01	3119
16436		3.095799e+01	10	1.712312e+01	356	1.060865e+01	3208
16486		8.453593e+00	982	8.642226e+00	1952	9.905894e+00	3247
16500		2.933980e+00	2987	3.126789e+01	18	1.483223e+01	330
16501		5.527234e+00	670	8.927529e+00	1478	3.367078e+01	48
16549		4.028408e+01	9	2.176180e+01	159	1.344036e+01	1203
16551		6.380473e+01	1	4.393208e+01	6	1.904934e+01	3404
16558		8.451929e+00	648	2.170278e+01	54	2.068872e+01	52
16570		3.208497e+00	4015	8.742153e+00	894	5.569255e+00	1255
16579		9.255551e+00	445	1.305632e+01	650	1.194642e+01	3686
16618		2.204807e+01	18	4.600695e+00	3529	7.217836e+00	1911
16627		6.948918e+01	1	1.163620e+01	2384	1.581495e+01	366
16665		6.212146e+01	1	1.315255e+01	2946	1.398012e+01	4241
16672		1.166282e+01	123	1.208909e+01	362	2.352996e+01	96
16676		4.905362e+01	19	1.241405e+01	1607	4.900772e+01	2
16736		5.425685e+00	1232	4.668389e+01	3	7.766169e+00	3750
16757		2.563944e+01	27	8.855514e+00	2244	1.709324e+01	438
16765		6.447970e+00	708	5.516989e+01	3	9.222523e+00	1340
16768		3.152421e+00	1379	5.746186e+00	2880	7.690556e+00	1013
16780		1.471595e+01	46	1.302678e+01	1149	1.490498e+01	295
16784		3.978897e+01	3	6.558124e+00	3799	1.065787e+01	3817
16857		9.562019e+00	195	1.749190e+01	336	8.199938e+00	3758
16869		4.016108e+01	7	7.010644e+00	4201	1.864966e+01	131
16921		1.072238e+01	1742	3.563000e+01	23	2.185028e+01	513
16951		1.758147e+01	41	3.088179e+01	11	1.104150e+01	1447
16999		4.335038e+01	7	7.361695e+00	324	1.051824e+01	446
17001		1.688405e+01	44	1.868405e+01	114	1.804120e+01	430
17017		5.230201e+01	1	4.080508e+00	2512	1.107655e+01	1258
17040		9.333646e+00	3296	2.619118e+01	108	1.046132e+01	2660
17054		1.074642e+01	639	1.020574e+01	3562	2.567043e+01	82
17064		2.130522e+01	22	1.099350e+01	818	1.089006e+01	3152
17095		3.288397e+00	1231	2.885191e+00	1865	1.630297e+01	201
17106		1.899449e+01	18	8.641574e+00	3487	1.116733e+01	1911
17121		1.977248e+01	392	1.437637e+01	1674	2.180845e+01	189
17143		5.226844e+01	8	7.121478e+00	3389	1.143030e+01	4245
17159		6.315122e+00	2806	4.260021e+01	16	2.215924e+01	50
17167		3.140376e+01	44	3.031996e+01	104	1.716251e+01	3590
17195		5.207191e+01	2	8.345980e+00	999	1.097031e+01	4129
17197		4.945281e+00	483	5.885681e+00	3841	5.075160e+01	2
17208		8.049736e+01	1	1.941170e+01	82	1.074466e+01	2762
17220		1.640049e+01	61	2.122191e+01	189	1.015233e+01	1674
17224		2.343349e+01	35	2.148587e+01	82	1.303413e+01	1177
17236		1.175226e+01	230	1.773397e+01	102	1.187063e+01	1254
17242		5.532290e+00	322	4.331085e+00	4147	8.219633e+00	1575
17256		3.262452e+00	1985	1.280385e+01	152	9.804615e+00	3686
17263		2.010193e+01	16	3.039376e+01	21	2.239507e+01	817
17286		2.266807e+01	31	1.171103e+01	2091	1.022368e+01	1423
17301		6.864835e+00	814	2.048846e+01	71	8.696319e+00	2968
17323		9.564394e+00	417	5.176874e+01	1	1.000683e+01	945
17343		1.655899e+01	47	6.770117e+00	2519	9.135868e+00	1323
17361		4.582130e+00	1540	5.418431e+00	3283	1.290753e+01	202
17369		1.579543e+01	140	5.214631e+00	3571	2.497301e+01	33
17401		2.000619e+01	105	9.854603e+00	4249	1.283725e+01	1020
17460		1.809557e+01	31	1.071385e+01	1121	8.113392e+00	3947
17465		3.662187e+01	8	1.430547e+01	4027	3.179988e+01	20
17484		1.129679e+01	155	6.842368e+00	1914	6.247456e+01	1
17503		5.958398e+00	467	7.164091e+00	969	1.376216e+01	246
17525		2.276582e+01	32	8.887881e+00	717	8.090618e+00	1420
17539		5.996288e+01	3	1.438175e+01	1438	3.960148e+01	34
17547		2.274671e+00	2328	7.254284e+00	839	8.329828e+00	658
17601		6.287711e+01	1	1.107597e+01	458	1.381266e+01	570
17612		1.190984e+01	162	1.328437e+01	392	1.005762e+01	2612
17630		3.035633e+01	36	1.964831e+01	63	1.334633e+01	1278
17650		1.007785e+01	3378	1.980766e+01	144	1.014360e+01	2508
17657		2.342893e+01	13	8.110828e+00	194	9.456099e+00	2217
17660		1.157710e+01	311	6.433402e+00	3474	9.700346e+00	777
17683		1.623830e+01	146	7.160115e+00	1126	1.594913e+01	556
17704		1.347966e+01	106	1.544782e+01	204	1.940269e+01	295
17707		3.437638e+00	1248	2.752875e+00	3790	1.168964e+01	1417
17723		9.978113e+00	218	1.211582e+01	2471	2.161425e+01	289
17724		8.024890e+01	1	1.104321e+01	1967	2.299971e+01	319
17767		7.711226e+00	1777	9.921285e+00	2930	1.428518e+01	890
17812		3.692530e+01	2	1.878460e+01	581	1.981467e+01	742
17882		1.121641e+01	59	2.986641e+01	48	1.365323e+01	638
17901		7.824715e+01	3	1.278275e+01	860	1.401881e+01	1157
17984		1.900353e+01	69	4.063685e+01	20	9.807182e+00	4167
18024		1.582903e+01	71	1.591359e+01	192	1.380441e+01	2516
18033		1.528373e+01	136	4.172619e+01	4	1.075480e+01	3889
18048		1.021572e+01	59	3.449370e+01	48	1.880765e+01	638
18107		9.826607e+00	400	8.792226e+00	428	1.542631e+01	332
18109		1.374492e+01	103	1.196008e+01	851	1.224742e+01	1268
18112		2.612896e+01	45	1.774067e+01	221	1.670214e+01	999
18141		5.026940e+01	1	1.079735e+01	911	2.458930e+01	816
18149		5.535512e+01	12	1.464379e+01	3635	2.398348e+01	173
18150		6.066280e+00	1635	1.201288e+01	111	1.065671e+01	601
18175		3.986000e+00	1225	3.337962e+01	7	7.283635e+00	1651
18181		1.727682e+01	207	1.154984e+01	753	8.651165e+00	3113
18218		1.559740e+01	613	9.349066e+00	2839	2.470352e+01	61
18224		1.236893e+01	113	7.974387e+00	3161	1.363532e+01	216
18282		1.139684e+01	374	4.498100e+01	36	1.423444e+01	3540
18306		6.837107e+00	1123	1.796933e+01	254	4.366625e+01	15
18317		2.144258e+01	104	1.770808e+01	1516	2.804032e+01	247
18326		6.152605e+00	3731	2.196929e+01	83	1.325031e+01	494
18338		3.867284e+00	862	9.195264e+00	529	5.772810e+00	3574
18367		9.336782e+00	246	2.974891e+01	31	3.354778e+01	15
18438		9.767106e+00	153	1.742829e+01	137	3.041688e+01	74
18444		2.843393e+01	12	1.534663e+01	327	1.446614e+01	3018
18457		5.609859e+00	973	3.946355e+01	12	5.489947e+00	2971
18461		1.136340e+01	3011	1.367518e+01	2366	2.424476e+01	184
18505		6.237751e+01	3	1.790422e+01	112	1.454718e+01	1665
18517		2.674423e+00	3154	3.606692e+01	14	6.774005e+00	2593
18609		9.271628e+00	574	2.780403e+01	105	1.444408e+01	752
18637		9.915814e+00	1378	5.465724e+01	3	1.012400e+01	3959
18666		7.356531e+00	3977	5.075404e+01	4	2.419587e+01	78
18668		1.449266e+01	78	4.198532e+01	4	1.361193e+01	2849
18676		1.149381e+01	3544	1.426176e+01	1664	3.075854e+01	21
18727		9.616942e+00	3825	5.450571e+01	3	1.034134e+01	3156
18736		6.960232e+00	1148	2.012763e+01	108	9.355445e+00	3354
18756		5.820392e+00	3495	3.052297e+01	21	1.018500e+01	2133
18767		3.408260e+00	1564	4.918555e+01	2	2.381738e+01	96
18783		2.077570e+01	63	8.696582e+00	2069	5.457103e+01	5
18784		1.115800e+01	658	6.572701e+00	2328	1.089702e+01	839
18801		9.807513e+00	324	5.741987e+00	2111	3.888016e+01	7
18823		2.714553e+01	37	1.724216e+01	304	1.584690e+01	3252
18841		1.390536e+01	79	2.510368e+01	34	5.117103e+01	3
18856		1.388163e+01	380	9.638635e+00	2401	1.233218e+01	1755
18866		5.310712e+00	2662	9.422397e+01	1	8.538390e+00	3307
18926		3.125984e+01	48	1.324948e+01	2108	2.069321e+01	486
18946		3.904198e+00	1981	6.093154e+00	1924	7.828183e+00	1854
18957		4.396598e+01	6	6.277096e+00	3050	9.701345e+00	615
18974		3.217687e+01	14	1.035274e+01	3783	1.769595e+01	178
19028		2.751804e+01	9	7.725995e+00	961	1.152754e+01	641
19039		1.117611e+01	2084	1.471905e+01	1313	1.286894e+01	3189
19041		2.385394e+01	46	1.023124e+01	191	1.332210e+01	248
19086		2.188914e+01	46	1.238933e+01	640	1.674385e+01	205
19087		2.558275e+01	10	1.909128e+01	356	2.547944e+01	90
19103		1.221026e+01	1466	1.376990e+01	3814	1.548236e+01	1866
19134		2.926325e+01	23	6.470475e+00	2765	1.013591e+01	1850
19150		4.027944e+01	3	1.118119e+01	2301	1.512462e+01	1450
19172		3.086825e+01	16	3.368328e+00	2780	3.552359e+00	3087
19200		2.482693e+01	14	1.206703e+01	483	4.862319e+01	2
19201		3.118925e+00	4044	9.010959e+00	1301	8.581804e+00	1398
19237		4.833757e+01	3	2.367788e+01	38	1.221774e+01	2423
19295		2.690707e+00	2540	1.182417e+01	367	7.877727e+00	2544
19307		6.338640e+00	1237	7.188132e+01	5	1.100135e+01	766
19312		3.232306e+01	28	2.253630e+01	43	2.692002e+01	52
19313		1.433920e+01	2323	1.595117e+01	684	4.081518e+01	15
19327		4.830080e+00	1150	4.769957e+00	3380	1.434352e+01	413
19336		6.623593e+00	420	6.018945e+01	7	1.249419e+01	3929
19362		2.638078e+01	161	1.602379e+01	1367	1.638449e+01	4077
19387		2.420877e+01	34	7.139638e+00	1438	9.723829e+00	2400
19396		1.242655e+01	224	1.552279e+01	801	8.495958e+00	2095
19426		4.769546e+01	4	1.227750e+01	1602	1.671597e+01	1175
19466		3.156616e+01	14	1.224020e+01	1108	1.260417e+01	1931
19511		1.042791e+01	97	2.476246e+01	18	1.277035e+01	869
19526		3.854285e+00	2000	5.939392e+00	837	5.647439e+00	3875
19536		1.168849e+01	82	9.484960e+00	1229	8.532049e+00	3523
19554		8.676208e+00	208	1.735703e+01	69	8.462649e+00	2908
19589		5.733202e+01	3	7.401533e+00	4002	1.204304e+01	2877
19608		9.415947e+01	1	1.671684e+01	399	1.920331e+01	267
19629		1.676089e+01	279	1.225473e+01	1599	1.250162e+01	1998
19651		5.840058e+01	19	7.274245e+00	3223	7.351687e+01	7
19701		1.285601e+01	288	1.281217e+01	985	8.697293e+00	1654
19789		9.955623e+00	3301	1.427751e+01	3308	4.462123e+01	26
19820		1.083732e+01	45	1.672922e+01	221	2.364883e+01	1364
19853		7.606570e+00	4050	1.643817e+01	927	1.553791e+01	3286
19885		5.050629e+01	1	1.391774e+01	417	1.055228e+01	2737
19935		5.168676e+00	2983	8.045722e+00	2233	1.486837e+01	245
19950		4.852627e+01	3	2.244521e+01	203	1.400992e+01	3116
19987		6.747272e+01	2	2.120389e+01	118	1.820505e+01	386
19989		2.331419e+01	187	3.666222e+01	52	1.349902e+01	828
20003		1.463671e+01	3137	1.749557e+01	3814	2.032112e+01	1281
20016		9.985022e+00	960	1.041437e+01	510	1.123125e+01	511
20132		4.316506e+01	2	2.157271e+01	175	1.844453e+01	2080
20136		5.748660e+00	338	1.400249e+01	346	1.050501e+01	1458
20137		2.714753e+01	12	1.868486e+01	327	1.532009e+01	2525
20198		9.136409e+00	2143	1.516021e+01	292	2.033483e+01	77
20230		4.464712e+01	7	1.177931e+01	3245	1.474297e+01	916
20252		1.511305e+01	122	9.968981e+00	889	1.950649e+01	79
20259		9.230190e+01	1	4.009462e+01	4	1.149766e+01	1936
20277		1.583202e+01	618	2.441643e+01	403	1.626797e+01	1131
20321		5.018070e+01	3	8.505199e+00	1589	1.057284e+01	1232
20325		2.537462e+01	33	1.673947e+01	140	3.272309e+01	51
20358		6.893922e+00	1922	8.101402e+00	2551	2.668218e+01	77
20402		5.688938e+00	1318	6.873573e+00	3356	8.126116e+00	3355
20409		4.368904e+01	2	2.447153e+01	175	1.897986e+01	1284
20428		1.503549e+01	3607	1.651921e+01	2559	4.971871e+01	36
20445		1.158497e+01	2471	1.438390e+01	1050	1.369028e+01	1223
20515		5.602355e+00	1754	9.537154e+00	1488	1.345413e+01	786
20517		2.007893e+01	52	2.964341e+01	28	9.880431e+00	4205
20593		5.871390e+00	740	5.600452e+00	1429	8.712340e+01	1
20594		9.824160e+00	414	1.056780e+01	2015	1.092228e+01	2302
20596		2.903633e+01	37	2.016416e+01	154	1.322971e+01	2904
20603		7.837090e+00	1006	8.181607e+00	2652	8.099216e+00	2910
20610		2.206361e+01	76	1.343844e+01	210	8.691484e+00	2403
20616		3.082785e+00	586	7.654361e+00	3174	1.080870e+01	1948
20622		9.654158e+00	1537	6.652583e+01	19	1.534975e+01	895
20659		5.232897e+00	3535	1.514780e+01	275	1.127103e+01	2053
20707		4.876665e+00	757	1.743694e+01	457	4.487036e+01	12
20738		4.808758e+01	5	8.925197e+00	1803	1.378669e+01	3779
20788		6.335974e+00	1250	1.196573e+01	177	9.403876e+00	2864
20820		6.772367e+01	1	6.060483e+00	3373	7.624332e+00	1087
20825		2.299372e+01	44	3.166626e+01	16	3.585981e+01	83
20872		6.685605e+01	1	8.606254e+00	3548	4.036338e+01	17
20926		6.475994e+00	542	6.525567e+01	1	9.625797e+00	1229
20949		3.403196e+01	5	7.731202e+00	1671	7.482999e+00	3792
21006		1.427896e+01	95	1.313380e+01	458	8.743702e+00	1411
21010		5.300405e+01	7	1.301478e+01	420	1.134088e+01	3986
21056		3.530214e+01	7	1.094346e+01	446	7.964698e+00	1651
21061		5.240858e+01	1	1.418744e+01	679	1.181273e+01	3060
21093		2.323401e+01	16	3.127412e+01	21	3.216077e+01	24
21117		3.119990e+01	34	1.494648e+01	1438	1.439046e+01	3119
21130		6.108216e+01	3	5.050436e+01	34	8.030366e+00	1174
21223		3.735869e+01	8	1.219505e+01	227	9.291581e+00	2341
21228		3.475365e+01	12	1.296560e+01	2213	2.961783e+01	91
21250		5.868158e+01	7	1.347261e+01	2957	1.440410e+01	1900
21385		2.559433e+01	9	1.568641e+01	2708	2.190631e+01	824
21400		3.290565e+01	13	1.126378e+01	555	8.739926e+00	1508
21402		5.763248e+01	4	1.366304e+01	239	1.047952e+01	3939
21458		4.593665e+00	1042	6.123176e+01	1	1.128018e+01	2742
21465		4.819412e+00	1406	1.216447e+01	897	1.400515e+01	2348
21467		4.370847e+01	2	8.641891e+00	4061	1.005974e+01	2884
21496		6.352249e+01	1	1.005739e+01	3404	1.432335e+01	2118
21599		2.222089e+01	31	2.181670e+01	15	6.320638e+00	3996
21638		7.226509e+01	1	5.365444e+01	5	9.415191e+00	1137
21642		5.215280e+00	1744	3.273019e+01	23	8.289835e+01	1
21665		3.329050e+00	3623	2.759208e+01	23	2.767249e+01	112
21681		7.508096e+01	1	6.450136e+00	2118	6.044514e+00	2695
21697		7.073118e+00	800	1.394852e+01	443	1.171283e+01	3131
21743		2.383950e+01	43	6.934638e+00	2120	2.334763e+01	142
21757		4.593592e+01	3	1.325854e+01	3825	1.811266e+01	540
21767		9.581753e+00	1125	1.988380e+01	39	3.001983e+01	99
21888		1.170687e+01	126	1.767709e+01	1010	1.625429e+01	2404
21982		7.433915e+00	2199	8.387663e+00	1364	5.504052e+01	2
21983		7.522077e+00	96	1.205269e+01	362	1.431670e+01	996
22078		5.647519e+00	2863	1.379416e+01	284	1.292769e+01	951
22115		6.729217e+00	2879	1.854860e+01	176	1.079013e+01	2642
22132		4.551202e+00	1438	5.655324e+01	3	1.595554e+01	540
22139		4.335785e+01	6	8.601407e+00	623	1.973688e+01	43
22182		3.101798e+01	18	1.066460e+01	2738	2.909096e+01	181
22241		6.776702e+01	1	3.970711e+01	75	1.253521e+01	907
22243		1.986565e+01	62	5.105205e+00	2119	7.349902e+00	1321
22250		5.718010e+00	3821	3.798260e+01	5	9.843216e+00	2599
22304		1.682758e+01	402	2.501407e+01	203	6.105836e+01	3
22374		2.940536e+01	17	8.011291e+00	2564	1.277267e+01	2768
22378		3.594789e+01	5	5.233635e+00	1671	4.867223e+00	3792
22390		4.147226e+01	6	1.525125e+01	535	1.344429e+01	3693
22402		1.474813e+01	358	1.224462e+01	2092	1.481430e+01	598
22432		1.717073e+01	32	1.866058e+01	128	4.706580e+00	3858
22464		2.967829e+01	8	2.706339e+01	90	3.901187e+01	10
22507		1.419666e+01	1189	1.535402e+01	1200	1.420269e+01	4217
22533		9.691637e+00	542	6.055970e+00	3523	1.510536e+01	82
22560		1.039423e+01	1230	3.582990e+01	39	1.189974e+01	913
22632		4.694211e+01	1	1.804712e+01	945	1.692805e+01	3014
22683		1.064963e+01	694	8.551396e+00	2298	1.159407e+01	1496
22687		6.012281e+00	2357	1.832156e+01	165	7.838718e+00	2529
22722		8.115950e+01	1	1.782878e+01	641	2.074031e+01	961
22730		7.534431e+00	108	1.155602e+01	2934	1.521665e+01	4102
22803		5.104169e+00	757	4.126895e+01	12	1.934207e+01	457
22913		1.931852e+01	24	8.369976e+00	1058	9.761645e+00	2400
22950		1.768719e+01	28	1.548436e+01	108	1.349209e+01	1728
22988		1.725356e+01	197	1.019983e+01	670	7.462052e+00	3391
23066		2.695657e+01	18	4.402434e+00	2363	1.651808e+01	181
23113		2.140635e+00	3314	1.373321e+01	172	6.329821e+01	7
23191		1.089465e+01	67	1.714700e+01	130	1.997289e+01	293
23253		2.714129e+01	17	2.212858e+01	143	1.318252e+01	1409
23308		1.097900e+01	230	2.194887e+01	102	1.441904e+01	1254
23345		1.006797e+02	1	2.872344e+00	1393	4.530904e+00	3141
23447		3.035687e+01	47	8.474079e+00	3492	8.631457e+01	1
23495		7.560470e+00	1205	6.989230e+00	3548	5.858580e+01	1
23543		1.164072e+01	541	9.944120e+00	3531	1.107825e+01	3023
23577		3.921774e+01	6	1.331230e+01	623	3.312690e+01	27
23615		6.599336e+01	4	1.460578e+01	3131	1.635787e+01	800
23618		2.148258e+01	22	6.503842e+00	1183	1.582790e+01	1173
23686		1.350745e+01	31	1.134730e+01	3947	1.564061e+01	3996
23691		4.942249e+01	5	8.906737e+00	1702	1.894746e+01	80
23702		1.213414e+01	132	7.430695e+00	3396	2.075503e+01	62
23732		3.210652e+01	17	7.439561e+01	1	1.207379e+01	1409
23791		1.730001e+00	2007	4.865959e+01	3	6.876212e+00	1129
23809		1.097084e+02	1	1.094784e+01	3725	1.213836e+01	3677
23817		4.237329e+01	3	2.691949e+01	34	1.261266e+01	919
23830		1.843569e+01	43	6.091901e+00	3410	1.022110e+01	756
23969		1.910861e+01	20	7.607349e+00	4149	8.195431e+00	4150
24015		4.352652e+00	3725	7.374543e+00	977	1.167076e+02	1
24016		5.637881e+01	5	1.161426e+01	3866	1.359044e+01	3183
24038		2.953608e+01	18	2.109978e+01	192	2.361670e+01	71
24044		6.896021e+00	1453	9.384923e+00	856	9.589334e+00	2190
24146		2.278068e+01	28	1.464759e+01	462	1.620271e+01	1728
24157		9.014996e+01	1	1.342784e+01	948	1.209322e+01	673
24226		5.004882e+01	1	1.197843e+01	2058	1.432702e+01	3044
24240		1.339504e+01	939	1.223114e+01	2651	1.333543e+01	1291
24270		1.232579e+01	101	8.248354e+00	2258	7.515286e+00	2777
24272		2.883773e+00	3677	4.044702e+00	1854	2.186804e+01	35
24317		2.196674e+01	32	1.811921e+01	115	1.182792e+01	938
24334		2.004980e+01	55	5.081344e+01	6	1.210256e+01	530
24349		9.448265e+00	2727	2.901770e+01	21	1.732669e+01	675
24426		6.923808e+00	2919	7.913528e+00	4136	9.323872e+00	3331
24446		4.486601e+01	7	6.722506e+00	4065	1.183759e+01	422
24502		1.296711e+01	377	7.898613e+00	1792	1.402624e+01	1064
24562		6.930479e+00	262	7.414834e+00	407	1.092929e+01	1942
24589		5.126223e+00	1187	6.903897e+00	1771	8.089755e+00	593
24617		6.589179e+01	1	1.028500e+01	1042	2.397664e+01	165
24659		1.216563e+01	3489	2.498670e+01	124	3.803450e+01	33
24676		4.297445e+01	2	9.765886e+00	238	7.751092e+00	1881
24684		1.797981e+01	31	4.172117e+00	3887	6.854905e+00	1121
24720		5.668101e+01	3	1.089039e+01	2456	1.036159e+01	2873
24744		3.837267e+01	7	1.051451e+01	4113	1.390093e+01	783
24764		1.364645e+01	83	7.059835e+00	2797	4.010519e+01	16
24832		5.078150e+00	2122	1.363772e+01	316	1.487964e+01	2969
24833		7.575379e+00	259	1.190709e+01	186	1.197801e+01	855
24967		9.408283e+00	3015	2.252355e+01	77	1.246548e+01	1326
24986		4.857394e+00	4016	4.977221e+01	7	7.028225e+00	2313
25009		9.640496e+00	272	6.244127e+00	1002	1.883788e+01	29
25056		1.030302e+01	264	2.160146e+01	70	1.185277e+01	4308
25159		2.086436e+01	44	2.833474e+01	57	1.122462e+01	2576
25252		1.622221e+01	84	2.386365e+01	22	1.457438e+01	256
25291		2.138316e+00	2004	6.943059e+00	713	4.506660e+01	4
25298		2.890536e+01	13	5.995158e+00	4247	8.686694e+00	4257
25303		4.119918e+01	7	2.329341e+01	446	2.029226e+01	1225
25334		4.651018e+01	7	1.385107e+01	3986	1.397063e+01	3245
25339		3.277387e+01	7	1.443136e+01	1504	1.590262e+01	783
25358		1.195716e+01	128	9.942508e+00	215	7.011408e+00	1709
25388		4.168173e+01	3	1.865045e+01	731	1.459105e+01	2832
25434		1.048897e+01	1470	2.670701e+01	31	4.480169e+01	25
25460		3.869314e+00	2186	2.776880e+00	3983	3.428288e+01	2
25467		5.941846e+01	5	1.509740e+01	423	1.460875e+01	1863
25468		3.608992e+01	6	6.288538e+01	1	1.052168e+01	3537
25469		1.617235e+01	46	1.248827e+01	295	1.205947e+01	1731
25486		1.746449e+01	1483	1.844964e+01	964	1.781739e+01	1309
25538		2.139426e+01	138	6.170741e+00	2417	8.753555e+00	2416
25580		4.150027e+01	3	2.716767e+01	38	1.191821e+01	3180
25582		1.085686e+01	161	1.875509e+01	194	3.639624e+01	13
25589		3.626905e+01	9	9.797921e+00	2060	2.773016e+01	159
25598		6.383552e+00	3458	4.940345e+01	6	1.018743e+01	2997
25657		1.526693e+01	220	9.531390e+00	2744	3.012716e+01	23
25695		7.285928e+00	585	4.300145e+00	3213	8.631224e+00	855
25727		1.896507e+01	107	4.591932e+01	14	1.399444e+01	1153
25730		3.793013e+01	3	1.217826e+01	1450	1.186268e+01	3234
25776		7.270476e+00	3798	2.719039e+01	115	5.696399e+01	4
25785		8.294558e+00	3564	1.121201e+01	2375	1.400056e+01	3057
25853		1.196836e+01	238	7.168755e+00	2651	9.328860e+00	939
25872		4.562333e+00	2460	4.734450e+01	4	8.413954e+00	979
25921		4.748351e+01	6	1.896449e+01	337	1.784274e+01	252
25930		1.202808e+01	288	2.240082e+01	69	9.052420e+00	4251
25958		1.511537e+01	323	1.677178e+01	2696	2.756797e+01	43
25969		9.834712e+00	366	7.860814e+01	1	1.343779e+01	948
25981		5.611342e+01	3	1.129666e+01	1438	1.864004e+01	540
26017		1.093572e+01	853	1.694997e+01	1120	1.533232e+01	3102
26117		6.639630e+01	2	2.664896e+01	147	1.290571e+01	2017
26151		4.747437e+00	1813	3.903732e+01	10	1.915713e+01	554
26168		5.400495e+01	3	1.407207e+01	3206	1.706127e+01	1678
26172		9.762143e+00	286	2.403838e+01	53	1.142984e+01	1375
26180		3.721003e+01	4	1.990645e+01	139	1.662351e+01	1603
26191		5.138598e+00	364	1.595433e+01	210	8.996254e+00	2577
26210		4.793302e+00	479	4.911694e+00	1605	6.953197e+00	2184
26254		7.491244e+00	267	1.429151e+01	305	1.705076e+01	275
26260		7.992155e+00	415	9.694603e+00	1065	6.952513e+00	1917
26274		2.266222e+01	36	7.478185e+00	1982	8.887965e+00	2151
26275		1.922548e+01	105	1.444688e+01	475	2.150192e+01	131
26332		8.890897e+01	1	1.130302e+01	2679	1.381312e+01	3320
26339		2.506212e+01	177	1.458549e+01	875	2.123012e+01	64
26354		7.236307e+01	1	1.143124e+01	366	5.364405e+01	5
26383		1.299432e+01	187	1.249624e+01	1253	1.438585e+01	600
26439		1.192444e+01	594	1.764629e+01	405	1.142560e+01	2729
26441		3.107218e+00	1600	1.105814e+01	1678	1.638816e+01	356
26462		9.999516e+00	3757	1.553471e+01	667	1.275285e+01	3737
26480		8.736114e+01	1	1.972597e+01	870	1.866667e+01	3522
26522		2.499554e+01	45	1.587062e+01	221	1.087963e+01	1241
26561		9.868709e+00	790	2.065117e+01	110	4.937193e+01	6
26568		2.184069e+01	17	1.015531e+01	676	1.062447e+01	793
26582		5.359229e+00	1500	5.735423e+00	2003	7.786394e+00	2617
26583		3.867190e+00	4059	5.325726e+00	2896	1.709751e+01	187
26600		5.526278e+00	4124	1.202365e+01	720	1.260096e+01	779
26638		8.765667e+00	3335	8.875018e+00	3356	1.883237e+01	91
26724		1.229727e+01	594	1.335299e+01	3531	2.539717e+01	206
26732		6.833164e+00	1204	8.136676e+00	626	8.146310e+00	2736
26747		1.309722e+01	232	6.142339e+00	3181	4.912209e+01	2
26802		7.169912e+00	902	7.011146e+00	1205	5.867903e+01	1
26828		2.245597e+01	21	7.727604e+00	1136	1.402092e+01	456
26915		4.310139e+01	4	6.986391e+00	1502	9.164158e+00	750
26922		2.396218e+01	72	3.294480e+01	14	7.927853e+00	3089
26940		7.272882e+00	2036	9.811353e+00	1201	1.452513e+01	602
26973		3.882025e+00	2671	8.527559e+00	2664	1.628803e+01	163
26980		2.319997e+01	9	2.016180e+01	3429	2.135306e+01	3428
26982		1.515084e+01	109	2.224113e+01	46	8.687930e+00	3366
27024		3.304657e+01	6	7.971477e+00	1029	1.334328e+01	196
27025		4.491495e+00	867	9.408400e+00	2939	1.643697e+01	326
27117		1.078794e+01	65	9.868556e+00	1032	9.099032e+00	1311
27149		1.001504e+01	60	2.330818e+01	283	1.582295e+01	2295
27153		1.408074e+01	110	1.549715e+01	142	1.057625e+01	3386
27213		4.047279e+01	8	1.038423e+01	3319	1.583533e+01	208
27255		6.360676e+00	2273	7.594766e+00	1490	1.556259e+01	427
27328		1.523100e+01	175	5.705221e+01	2	1.440731e+01	387
27421		4.293324e+01	2	1.041591e+01	1122	8.477421e+00	3931
27424		4.434221e+01	8	9.593484e+00	1813	1.516183e+01	376
27458		1.567569e+01	779	2.978175e+01	91	1.344558e+01	2910
27495		6.947391e+00	835	1.371581e+01	222	1.024473e+01	2706
27578		4.333973e+01	2	1.498844e+01	4022	1.841961e+01	3279
27611		8.254297e+00	983	8.376866e+00	2209	1.554899e+01	1164
27618		3.745166e+01	2	6.614530e+00	2629	4.826688e+00	3957
27681		2.579416e+01	71	4.152055e+01	18	1.578363e+01	3440
27694		3.759475e+01	10	1.432511e+01	582	1.070910e+01	3927
27722		2.066304e+01	209	1.898680e+01	39	1.001763e+01	695
27730		2.308610e+01	90	3.956477e+00	4120	1.371744e+01	163
27740		1.504205e+01	63	5.493392e+00	2069	7.581288e+00	2389
27745		7.663915e+00	1668	3.177121e+01	57	7.276105e+00	3719
27776		4.810905e+01	2	2.809199e+01	40	1.866953e+01	1500
27790		7.218105e+01	1	5.257590e+01	5	1.574576e+01	366
27791		2.537921e+01	32	5.566272e+00	3950	6.438063e+00	3971
27903		2.190729e+01	11	1.150744e+01	1756	1.461583e+01	559
27948		6.036181e+00	709	2.586186e+01	92	3.049292e+01	52
27990		1.370866e+01	118	3.737577e+01	8	1.111353e+01	2891
28002		1.367724e+01	2785	4.018562e+01	29	1.798850e+01	1055
28006		3.456295e+00	2657	5.629981e+00	2028	1.531704e+01	313
28056		4.491661e+00	1460	4.066535e+00	4316	6.044070e+00	4311
28085		7.046513e+00	2214	3.977593e+01	12	7.830696e+00	3374
28161		9.036332e+01	1	8.745314e+00	2679	1.160307e+01	841
28223		5.773637e+01	3	1.280476e+01	4082	1.465660e+01	2461
28259		6.905852e+00	2757	9.429647e+00	2253	9.149245e+00	3612
28275		8.301265e+00	2676	1.901247e+01	106	4.316188e+01	7
28277		5.509413e+00	2827	1.131696e+01	469	8.980876e+00	2597
28293		5.635684e+00	2595	9.137293e+00	712	3.704560e+01	34
28320		2.472021e+00	2331	1.299679e+01	197	7.031811e+00	1649
28325		1.857018e+01	23	1.314319e+01	290	4.018735e+01	9
28378		7.966439e+00	557	6.930357e+00	2412	1.048894e+01	459
28459		8.902816e+00	2377	1.627812e+01	1373	7.969349e+01	1
28491		1.908240e+01	42	4.625994e+00	1491	2.752307e+01	34
28503		7.532300e+00	902	8.023314e+00	2742	1.008613e+01	1205
28516		1.760358e+01	30	2.635728e+01	98	7.107145e+01	1
28531		1.168681e+01	655	1.142529e+01	561	1.063531e+01	4297
28592		3.399751e+01	23	3.040055e+01	103	1.740326e+01	1744
28703		3.947006e+00	2313	9.103169e+00	997	5.247773e+00	4016
28723		5.648813e+00	853	1.667196e+01	215	6.395215e+01	4
28761		1.348033e+01	144	4.564187e+00	4259	6.388373e+00	550
28775		2.194703e+01	48	2.096971e+01	59	1.274080e+01	670
28783		1.906293e+00	2052	4.716770e+01	6	9.459201e+00	3013
28812		5.019187e+00	2369	8.489825e+00	2553	1.692803e+01	606
28814		1.530911e+01	157	1.261404e+01	3075	1.452231e+01	2255
28870		8.000902e+01	1	7.638185e+00	878	9.361299e+00	1974
28872		5.168605e+00	2196	7.799803e+00	1685	7.705405e+00	2902
28878		4.686585e+01	5	1.289346e+01	1625	1.583046e+01	2396
28972		4.147511e+00	610	7.752186e+01	1	8.276915e+00	1134
28973		1.174605e+01	77	1.886417e+01	89	9.530397e+00	1277
29034		2.216150e+01	38	4.085159e+01	3	8.835828e+00	3180
29058		1.776416e+01	218	1.736752e+01	363	1.243390e+01	2465
29107		4.090385e+00	332	1.279495e+01	400	1.098366e+01	706
29121		6.174525e+00	475	1.164026e+01	658	1.086415e+01	2328
29124		6.181638e+00	928	5.753902e+00	3359	1.665744e+01	357
29140		1.044520e+02	1	1.323635e+01	1926	1.981082e+01	277
29156		5.514981e+01	2	9.952473e+00	844	1.068820e+01	2074
29228		4.915614e+01	5	2.166419e+01	63	1.300916e+01	2069
29242		6.985817e+00	665	7.519279e+00	927	8.463930e+00	839
29291		1.425925e+01	93	6.855830e+00	1451	2.159952e+01	67
29378		8.315864e+00	3356	8.655175e+00	3335	1.283384e+01	1318
29410		1.490634e+01	79	7.297121e+00	889	1.754249e+01	122
29418		7.908743e+00	3667	1.161982e+01	2757	1.624434e+01	653
29442		8.985575e+00	562	1.043317e+01	1039	1.088171e+01	1781
29448		1.986765e+01	70	5.295156e+00	2939	8.254987e+00	867
29482		1.202957e+01	164	5.403391e+01	3	1.081662e+01	1012
29510		5.123019e+01	2	1.031385e+01	2861	9.545213e+00	3956
29532		3.371402e+01	7	8.387858e+00	1225	1.186559e+01	1651
29576		1.013069e+01	179	7.186557e+00	4010	9.860817e+00	1218
29582		7.861668e+00	1837	9.377100e+00	2705	9.863180e+00	2948
29651		1.127332e+01	721	9.273654e+01	1	1.986528e+01	261
29696		3.402641e+00	2413	1.027571e+01	183	6.818422e+00	3788
29712		1.737572e+01	76	7.796975e+00	3681	9.140542e+00	1521
29713		6.226753e+01	5	5.720242e+00	3109	2.549226e+01	84
29717		3.566533e+01	52	1.326816e+01	709	1.012797e+01	2668
29722		1.007787e+01	1853	1.214834e+01	2754	1.205107e+01	1009
29749		6.758245e+00	395	6.818670e+00	1510	9.157429e+00	1431
29755		3.036258e+00	2842	6.191269e+00	2843	4.490602e+01	5
29882		1.291843e+01	343	3.593704e+01	7	1.257802e+01	687
29989		5.591742e+00	1300	7.646256e+00	2621	9.109545e+00	2446
30030		1.036602e+01	3581	1.235644e+01	2140	2.604697e+01	140
30110		1.839897e+01	234	2.177908e+01	127	2.780191e+01	130
30148		6.939064e+01	1	5.371953e+00	2269	9.050986e+00	364
30164		4.712440e+00	3255	2.526816e+01	90	8.118876e+00	678
30182		3.168796e+00	1756	1.540942e+01	217	3.299104e+01	11
30189		5.015631e+01	3	6.657321e+00	838	9.000628e+00	982
30277		1.255347e+01	110	1.474953e+01	70	1.210195e+01	1694
30304		9.453665e+00	329	8.299639e+01	1	4.598610e+01	9
30422		4.497529e+00	1037	7.620696e+00	1397	8.275380e+00	1072
30504		2.328824e+01	104	1.248191e+01	2995	3.715433e+01	44
30551		3.297148e+01	9	5.369703e+00	3004	1.386847e+01	321
30575		9.906391e+00	838	1.307382e+01	982	9.714600e+00	2309
30595		5.620853e+00	666	8.420273e+00	447	1.340964e+01	793
30669		1.023787e+01	419	7.682647e+00	852	1.151571e+01	762
30752		5.962261e+01	5	8.679106e+00	3581	1.794379e+01	370
30756		2.650934e+01	15	1.495061e+01	351	1.099909e+01	3312
30836		9.440869e+00	1688	1.523746e+01	208	3.684255e+01	20
30890		2.180268e+01	39	1.610987e+01	173	8.731612e+00	3597
30919		8.359960e+00	240	1.012789e+01	468	5.718812e+00	1833
30995		1.921431e+00	2073	3.357794e+00	3123	4.650510e+00	2410
31064		1.211102e+01	76	1.761858e+01	195	2.051527e+01	149
31069		2.027144e+01	11	1.737968e+01	1529	2.561166e+01	134
31227		4.106389e+01	15	1.434112e+01	360	3.246803e+01	28
31266		6.851736e+00	682	1.659303e+01	76	7.158905e+00	3681
31268		6.751660e+01	1	1.598448e+01	3404	1.561986e+01	4252
31294		1.416448e+01	86	4.624198e+00	3242	8.180897e+00	3997
31345		7.060271e+01	1	4.051363e+01	17	1.354330e+01	3548
31412		8.171853e+00	1055	1.581523e+01	97	1.601747e+01	350
31428		3.684379e+01	2	1.813669e+01	2186	1.914940e+01	3225
31454		9.357430e+00	3489	4.477349e+01	23	2.625134e+01	140
31503		1.809737e+01	42	4.029932e+00	3764	2.200167e+01	34
31544		1.848086e+01	171	1.409425e+01	867	1.391361e+01	1960
31574		3.208430e+01	10	6.480265e+00	2296	6.381240e+00	3927
31651		4.441929e+00	1775	5.028830e+00	4153	8.390667e+00	921
31660		1.522212e+01	32	5.486594e+00	1532	7.218583e+00	2856
31769		7.158680e+00	2757	1.267962e+01	2253	1.335707e+01	3612
31820		3.577820e+01	20	1.175771e+01	2337	2.238717e+01	48
31872		7.093666e+00	429	2.717874e+01	33	1.069365e+01	3513
31878		4.349991e+00	2553	8.467229e+00	3022	8.647356e+00	2369
31918		2.663137e+01	22	1.379128e+01	300	1.401182e+01	829
31935		5.004826e+01	2	6.648507e+00	2440	8.006021e+00	2443
32015		5.672490e+00	346	9.021383e+00	338	8.428707e+00	2218
32032		6.627764e+01	3	9.352737e+00	1710	1.502081e+01	719
32078		1.999017e+01	29	1.359709e+01	974	9.928518e+00	3545
32079		5.957442e+00	2212	7.386828e+00	4200	7.390531e+01	1
32121		6.513292e+00	2489	9.257614e+00	502	1.523973e+01	413
32200		2.129187e+01	70	9.143503e+00	2986	5.255121e+01	6
32270		7.886369e+00	381	9.032132e+00	1969	8.734272e+00	2697
32299		1.672398e+01	78	4.942443e+01	4	8.918889e+00	2082
32347		5.724918e+00	378	1.253771e+01	182	2.197598e+01	58
32377		4.041303e+00	575	5.754512e+00	3123	7.564511e+00	3130
32447		1.948132e+01	18	1.562233e+01	97	1.284978e+01	404
32454		3.319414e+00	586	2.180440e+01	130	8.916556e+00	3174
32470		8.079856e+00	1349	1.388719e+01	129	7.935128e+00	3541
32476		5.247279e+00	939	1.085420e+01	2651	1.350491e+01	1291
32522		2.251312e+01	46	1.474565e+01	205	1.144450e+01	640
32556		1.028130e+01	675	1.057658e+01	1136	1.013810e+01	1579
32564		1.396945e+01	446	4.568573e+01	7	7.057442e+00	2336
32572		4.409702e+01	19	4.460967e+01	2	1.000712e+01	2884
32580		1.025808e+02	1	6.408043e+00	1924	9.235777e+00	1854
32612		2.348957e+01	24	7.495308e+00	2556	1.102959e+01	1745
32687		1.195150e+01	98	1.128491e+01	442	1.174705e+01	682
32715		5.784174e+00	483	7.175211e+00	3154	4.859303e+01	2
32736		5.673976e+00	1383	4.930903e+01	7	1.408177e+01	688
32738		3.658881e+01	2	1.796785e+01	742	2.296683e+01	581
32756		3.807928e+00	2019	1.270125e+01	186	1.730708e+01	331
32764		7.444436e+01	1	8.654347e+00	4237	1.183129e+01	4223
32830		1.316481e+01	138	1.140922e+01	1526	1.890876e+01	115
32859		6.151361e+00	471	1.804530e+01	404	2.459140e+01	97
32864		3.391373e+01	9	1.244769e+01	824	9.306188e+01	1
32869		3.004349e+01	9	1.204349e+01	1741	1.311460e+01	2726
32892		2.560556e+01	18	1.134467e+01	1117	1.282350e+01	1971
32921		1.067521e+01	492	1.095529e+01	921	1.668608e+01	241
32958		2.357391e+01	90	1.204321e+01	1472	4.519475e+01	8
33017		1.149772e+01	228	1.058534e+01	1151	8.184087e+00	2990
33074		2.139382e+01	15	3.277167e+01	31	1.311926e+01	2097
33149		9.971256e+00	1132	8.598737e+00	1370	1.239763e+01	994
33178		1.627944e+01	84	1.536920e+01	256	8.228952e+00	3109
33437		1.768944e+01	131	2.597397e+01	105	2.412676e+01	64
33538		6.110538e+01	5	1.224791e+01	1760	1.459351e+01	566
33572		1.043621e+01	272	2.697590e+01	29	1.957862e+01	68
33627		1.900116e+01	31	8.597332e+00	1121	1.872295e+01	130
33715		4.517380e+01	5	8.713482e+00	1625	1.124595e+01	2396
33722		1.191680e+01	272	1.631544e+01	68	1.418738e+01	1435
33763		1.543964e+01	60	1.150327e+01	1314	1.442595e+01	3960
33770		4.824054e+01	3	1.067219e+01	1232	1.070857e+01	1416
33796		1.591376e+01	317	2.580566e+01	77	1.256401e+01	918
33802		3.531249e+01	9	2.730436e+01	159	1.488378e+01	2060
33813		2.603597e+01	27	4.577590e+00	1849	1.951908e+01	129
33834		3.412028e+00	2213	3.528764e+00	4225	2.646318e+01	56
33896		1.151319e+01	2344	1.457366e+01	722	1.552864e+01	1346
33929		2.669319e+01	10	1.647677e+01	362	1.612563e+01	807
34044		1.874372e+01	58	5.505878e+00	1358	6.078732e+00	1336
34054		5.013240e+01	6	1.535325e+01	157	1.128600e+01	1171
34062		3.843691e+01	7	1.212077e+01	1542	1.006067e+01	4160
34457		3.773162e+00	2305	5.070105e+00	3970	3.923118e+01	10
34566		1.059398e+01	71	1.256744e+01	2950	1.872453e+01	424
34655		2.050429e+00	2121	9.294759e+00	222	5.645194e+00	2706
34662		6.747590e+01	1	1.004487e+01	3390	1.463112e+01	4194
34663		5.344542e+01	3	1.626597e+01	149	1.022339e+01	2273
34775		8.983572e+00	431	1.133990e+01	2575	1.272162e+01	2064
35047		1.386653e+01	50	2.065441e+01	125	1.379608e+01	2388
35060		2.757835e+01	91	1.916379e+01	323	3.509710e+01	43
35161		1.007864e+01	44	4.204344e+01	16	1.922078e+01	1664
35184		9.583631e+00	66	2.814728e+01	25	1.235748e+01	2845
35204		8.387360e+00	2223	1.944488e+01	165	1.862790e+01	209
35305		8.647808e+00	1059	5.923537e+00	1555	3.614422e+01	5
35455		3.027148e+01	6	1.025139e+01	2539	1.268914e+01	3517
35483		8.641134e+00	953	5.902344e+01	3	1.064605e+01	2877
35493		1.885476e+01	161	1.415702e+01	1063	2.177797e+01	222
35631		7.660632e+00	3308	3.926705e+01	26	7.929451e+00	3301
35826		5.637278e+01	2	4.491383e+01	10	1.014411e+01	2300
35895		1.202533e+01	4024	1.432531e+01	801	5.271382e+01	4
35949		5.994621e+01	7	9.833735e+00	2321	9.344590e+00	3314
35986		5.419420e+00	2669	2.422596e+01	20	6.092706e+00	4152
36040		3.957113e+01	9	7.296417e+00	2060	3.150547e+01	23
36166		7.791643e+00	639	7.536546e+00	3592	9.166226e+01	1
36233		1.735879e+01	218	1.266034e+01	2465	2.229670e+01	598
36273		4.232616e+01	2	1.010844e+01	269	4.755893e+00	2310
36340		3.456961e+01	5	7.627751e+00	1671	8.711435e+00	3792
36399		2.343765e+01	9	1.923441e+01	3429	2.085976e+01	3428
36409		9.942201e+00	100	3.992919e+01	17	1.364395e+01	1581
36439		3.585371e+01	12	1.310214e+01	3018	1.335029e+01	1483
36584		2.270890e+01	20	1.367517e+01	1361	1.393216e+01	2640
36824		1.965464e+01	17	9.531505e+00	3059	1.394077e+01	408
36842		3.608445e+01	5	8.109705e+00	3792	1.129137e+01	1671
36893		4.849308e+01	3	1.559631e+01	3825	1.778358e+01	2832
36987		2.329510e+01	140	1.428633e+01	258	8.513489e+00	2561
37107		3.730188e+01	12	9.812319e+00	973	8.368555e+00	2517
37173		7.538812e+00	1294	1.544806e+01	169	1.996474e+01	245
37228		5.341611e+00	4058	7.982983e+00	1341	8.054469e+00	4047
37246		3.609264e+01	12	1.168139e+01	1481	3.150654e+01	39
37262		6.529429e+00	251	8.001567e+00	434	6.876492e+00	2179
37351		9.799695e+00	451	6.410990e+00	4092	2.891917e+01	64
37458		2.755435e+01	120	2.526392e+01	64	1.060771e+01	4138
37580		7.913892e+00	2674	2.056435e+01	108	1.136319e+01	1148
37603		8.805768e+00	125	1.782373e+01	129	9.060411e+00	565
37613		1.882775e+01	40	1.307117e+01	1284	1.207127e+01	3146
37665		3.073840e+01	17	6.953338e+00	1106	1.775538e+02	25
37715		3.451935e+00	955	3.846058e+01	4	9.315880e+00	713
37723		4.808828e+00	4177	7.271275e+01	1	6.804147e+00	3345
37757		4.618725e+01	5	1.070769e+01	761	1.005687e+01	2791
37828		2.364409e+01	72	2.188879e+01	107	1.591061e+01	3719
37842		1.267532e+01	241	1.459967e+01	492	8.211792e+00	3343
37863		3.932545e+00	3812	4.369452e+01	5	1.569458e+01	1991
37955		3.077479e+01	7	1.484515e+01	2912	2.544653e+01	428
38072		2.499034e+01	9	2.446123e+01	752	2.503234e+01	1460
38093		8.594899e+00	2651	1.583561e+01	318	1.483793e+01	238
38211		1.186466e+01	184	1.014054e+01	253	1.162784e+01	1662
38298		5.980534e+01	1	1.116135e+01	2746	1.834335e+01	406
38333		1.026045e+01	202	9.551078e+00	325	9.430894e+00	4010
38355		7.284886e+00	2809	1.279716e+01	388	2.078296e+01	50
38652		5.905125e+01	1	1.091412e+01	4241	1.592708e+01	2498
38678		4.572237e+01	8	1.021610e+01	4087	1.863203e+01	185
38730		6.392193e+00	855	2.569659e+01	78	1.381908e+01	186
38881		7.494531e+00	1273	1.477976e+01	202	4.117052e+01	7
38944		1.882555e+01	32	7.012798e+00	3963	1.042089e+01	2856
38963		2.834296e+01	10	1.091859e+01	299	7.005255e+00	3285
39044		7.734708e+00	357	1.058315e+01	928	1.657887e+01	602
39118		4.949680e+01	1	1.668680e+01	223	1.198269e+01	3484
39268		3.571973e+00	806	1.107086e+01	355	7.244190e+01	5
39318		4.598611e+01	2	2.695815e+01	14	1.372878e+01	483
39489		2.441452e+01	37	1.290549e+01	551	1.510267e+01	882
39631		7.805060e+00	3856	1.606823e+01	293	2.226314e+01	127
39668		2.877304e+01	16	9.607035e+00	3606	2.701677e+01	21
39770		2.361768e+01	225	1.133384e+01	4189	2.082039e+01	231
39832		8.581642e+01	1	1.746090e+01	1571	2.138763e+01	383
39977		4.521413e+01	7	1.348303e+01	3986	1.553328e+01	916
39991		1.147506e+01	575	2.221083e+01	115	8.827811e+00	2411
40301		4.896813e+01	1	1.654140e+01	2512	1.876799e+01	1258
40317		3.564723e+01	25	2.664253e+01	31	1.388164e+01	1084
40332		1.547055e+01	497	1.930203e+01	496	1.493281e+01	2330
40572		1.835451e+01	48	5.488447e+00	2116	1.109007e+01	3372
40690		1.957558e+01	30	7.649856e+00	3054	1.085790e+01	2371
40745		4.918035e+01	5	1.808434e+01	566	2.415122e+01	251
40797		5.990290e+01	1	8.163543e+00	2746	1.411009e+01	406
40823		3.613107e+00	3959	9.689885e+00	2294	1.036906e+01	3946
40836		1.763466e+01	480	2.949400e+01	22	1.608034e+01	613
40848		5.616542e+00	526	2.810295e+01	139	1.313782e+01	1809
40863		9.278663e+00	2106	4.482896e+01	7	1.797145e+01	446
40871		9.842271e+00	556	2.825373e+01	33	1.492971e+01	1126
40872		1.350170e+01	152	3.250979e+01	14	1.419795e+01	2786
41000		2.000793e+01	22	1.474753e+01	480	1.741226e+01	1947
41176		7.490741e+00	1618	7.528313e+00	3455	1.528613e+01	377
41178		7.376100e+00	613	1.264492e+01	480	1.171747e+01	2604
41331		6.194910e+00	462	7.274303e+00	1569	9.781572e+00	1728
41444		1.309401e+01	147	8.244016e+00	414	1.042840e+01	1186
41491		2.421281e+01	14	2.177038e+01	72	9.595574e+00	898
41532		1.118287e+01	69	1.050032e+01	3369	1.676837e+01	241
41807		4.736922e+01	2	1.517238e+01	478	1.557274e+01	749
41918		3.342176e+00	1050	1.187983e+01	241	1.890704e+01	492
41919		1.149282e+01	121	2.979211e+01	50	1.041690e+01	1436
41935		3.528191e+01	4	1.174743e+01	2585	2.284487e+01	908
41940		5.984409e+01	19	1.561930e+01	2084	2.203823e+01	854
42029		9.117274e+00	175	5.208009e+01	2	1.159751e+01	1284
42100		4.725465e+00	3145	1.464779e+01	1988	3.828213e+01	32
42411		6.304942e+00	1413	5.513491e+00	2578	8.858236e+00	1068
42436		8.045334e+00	600	6.989935e+00	2893	9.118319e+00	2645
42573		2.232791e+00	2987	3.445376e+01	18	1.478466e+01	330
42681		7.084848e+00	278	1.743814e+01	170	6.889808e+00	3992
42829		4.285812e+01	4	1.488621e+01	909	1.729958e+01	3793
42855		2.577008e+01	47	7.615209e+00	3492	1.147494e+01	1975
42912		5.130183e+01	3	1.032485e+01	2005	1.345038e+01	1764
43031		6.953140e+00	576	2.045625e+01	74	6.184550e+00	3514
43255		1.289077e+01	201	1.130425e+01	2165	1.397956e+01	826
43263		6.820385e+01	2	8.894907e+00	386	4.455176e+01	10
43264		3.852406e+01	8	1.418307e+01	2943	1.833379e+01	3336
43286		6.266635e+01	1	6.621587e+00	1030	7.539378e+00	1408
43339		1.666050e+01	150	6.146667e+00	1556	1.112674e+01	277
43355		7.191744e+01	1	1.601514e+01	4176	1.594194e+01	4193
43375		1.774179e+01	80	5.196681e+01	5	1.153546e+01	281
43613		4.021252e+01	9	6.391423e+00	4253	9.527144e+00	2942
43673		1.222624e+01	81	3.286322e+01	27	1.033695e+01	1794
43707		8.290120e+00	765	2.056961e+01	94	1.235104e+01	699
43747		7.775423e+00	987	8.438154e+00	4275	1.169679e+01	848
43961		1.860416e+01	102	1.258982e+01	2467	1.410109e+01	1537
44015		3.143062e+01	6	1.074352e+01	2539	2.757654e+01	27
44070		8.362850e+00	153	8.190118e+00	2502	8.409049e+00	2505
44101		1.446331e+01	89	1.703259e+01	77	8.740939e+00	1277
44160		5.831460e+00	1255	7.540670e+00	4050	1.122717e+01	1820
44283		7.642746e+00	2859	7.319026e+00	2448	7.114357e+00	3975
44834		1.829708e+01	40	6.059828e+00	2861	7.377392e+00	2009
44962		3.805405e+01	2	1.088313e+01	315	1.409366e+01	581
45015		3.202588e+01	4	5.532064e+00	2178	1.746993e+01	3934
45078		2.192696e+01	20	8.425098e+00	4169	8.728816e+00	4150
45176		2.534280e+01	22	1.527859e+01	480	1.335844e+01	1183
45186		4.354577e+01	12	6.581922e+00	3632	1.098150e+01	3063
45330		4.319336e+01	5	7.644192e+00	1443	7.215774e+00	2599
45624		1.399778e+01	326	1.006125e+01	4231	1.531060e+01	867
45710		3.324242e+01	9	1.442127e+01	824	1.576501e+01	4206
45773		5.508808e+00	388	5.561674e+00	1987	1.237093e+01	419
45907		3.209325e+01	38	6.783027e+01	3	1.958581e+01	145
46241		3.280247e+01	29	5.822017e+00	3078	1.225620e+01	2261
46398		4.040478e+01	12	9.280262e+00	3534	1.373343e+01	757
46444		1.572296e+01	72	9.917907e+00	898	1.126756e+01	573
46919		5.729300e+00	1693	5.486043e+00	1785	1.856542e+01	110
46999		4.649121e+01	12	7.218029e+00	3384	3.085553e+01	43
47234		6.682266e+00	319	3.214831e+00	2670	8.750620e+01	1
47300		3.970180e+00	2000	6.188991e+00	3875	8.756610e+00	837
47317		8.730824e+00	1220	4.112594e+01	10	6.467609e+01	2
47341		2.605823e+01	24	2.707469e+01	23	8.721237e+00	2556
47456		1.139237e+01	135	9.483664e+00	1131	1.191578e+01	453
47483		5.320591e+01	3	1.493471e+01	845	1.281831e+01	2641
47578		6.432992e+00	999	5.615608e+01	2	1.359068e+01	1364
47601		3.737685e+01	16	2.104910e+01	44	2.191459e+01	83
47705		2.754584e+01	19	1.470717e+01	2312	3.692908e+01	20
47999		3.356936e+00	4189	4.761458e+00	4204	1.338126e+01	227
48111		9.240433e+00	507	1.100245e+01	1399	9.103702e+00	1608
48203		5.800191e+00	2751	7.428399e+00	1662	1.093047e+01	1263
48232		7.024459e+01	1	9.420626e+00	401	6.536575e+00	2558
48303		5.027637e+00	2637	3.980373e+01	10	1.668450e+01	123
48385		1.638812e+01	49	4.034426e+01	7	1.330773e+01	4196
48644		2.514757e+01	41	1.137332e+01	764	4.516817e+01	11
48678		8.177133e+00	1290	1.019247e+01	1187	1.227519e+01	958
48696		5.918028e+01	5	1.181653e+01	423	1.465193e+01	300
48953		3.755130e+00	1070	8.075437e+00	706	1.150684e+01	2444
49050		9.840658e+00	140	8.668420e+00	3584	1.273492e+01	3549
49093		3.214215e+01	7	9.291415e+00	1103	7.237417e+00	3310
49212		4.245510e+01	4	1.481700e+01	908	3.722087e+01	55
49368		8.487026e+00	1246	2.352172e+01	29	1.490480e+01	595
49425		1.471164e+01	275	5.614149e+00	3572	4.758410e+01	6
49468		8.292113e+00	484	6.300504e+00	954	5.771811e+00	2234
49864		4.445217e+00	2127	4.334917e+00	2536	8.470733e+00	2978
49933		7.586285e+00	1434	6.926872e+00	1266	1.650636e+01	152
50195		2.073434e+01	33	1.669552e+01	140	6.292012e+00	1795
50222		4.012562e+00	3791	1.751266e+01	459	3.275535e+01	16
50353		1.506065e+01	150	8.111486e+00	674	4.755412e+01	5
50657		3.976004e+00	4302	5.634835e+01	7	2.148794e+01	236
50680		1.072380e+01	200	6.080859e+00	2516	3.421787e+01	18
50715		2.133330e+01	104	1.229898e+01	2995	2.503556e+01	191
51067		4.070239e+01	5	1.797803e+01	158	1.690948e+01	761
51174		2.689634e+01	27	1.614001e+01	398	1.255623e+01	1849
51182		3.913102e+00	4094	5.767799e+00	4114	1.337437e+01	319
51295		1.122102e+01	258	1.124145e+01	1079	1.233797e+01	2561
52278		4.546093e+01	3	1.207567e+01	1632	2.073587e+01	164
52297		4.286394e+01	5	1.900811e+01	291	1.669568e+01	3705
52863		6.889933e+00	973	1.737594e+01	144	4.558701e+01	12
52894		2.497224e+01	156	1.254007e+01	1729	5.004004e+01	9
52915		1.612262e+01	65	9.301340e+00	1548	1.461578e+01	680
52966		4.994548e+01	5	1.450433e+01	80	8.437637e+00	1702
52990		1.105430e+01	696	1.710404e+01	250	1.160400e+01	1325
53178		1.037292e+01	402	2.500064e+01	63	1.678593e+01	203
53417		4.671676e+00	4297	7.628950e+00	2970	2.074511e+01	74
53479		3.743528e+01	9	1.199560e+01	156	1.420450e+01	1837
53792		9.605633e+00	2041	1.403594e+01	1189	1.214336e+01	1431
54847		2.907477e+01	4	1.936086e+01	2178	2.164347e+01	3934
54927		1.088536e+01	1660	9.250472e+00	2526	2.549451e+01	74
55211		4.960512e+01	6	7.981780e+00	530	9.697116e+00	3698
55243		1.500528e+01	90	3.098513e+01	10	1.180501e+01	1162
55753		1.187750e+01	3793	4.436508e+01	14	6.461463e+01	4
55981		2.301235e+01	9	1.024304e+01	3429	1.207949e+01	2708
56080		1.301386e+01	192	5.648565e+00	2516	3.374458e+01	18
56385		9.932506e+00	2497	1.028174e+01	2502	1.904571e+01	153
56502		4.790062e+00	4179	1.718892e+01	108	1.105507e+01	1256
56792		3.019583e+01	6	5.612886e+00	3485	6.637085e+00	3002
56963		1.185806e+01	357	8.647966e+00	1573	1.085428e+01	710
57076		7.500580e+00	2632	3.474375e+01	37	1.922247e+01	123
57235		1.400263e+01	42	9.226739e+00	1491	2.686223e+01	34
57265		7.747341e+01	1	9.428251e+00	1974	6.034339e+01	6
57302		1.561014e+01	167	5.916515e+01	4	1.233295e+01	850
57428		4.817106e+01	8	1.049882e+01	3372	1.181791e+01	2116
57533		7.636118e+00	1522	8.015057e+00	1488	7.355682e+00	1754
57560		6.269153e+00	1703	8.005898e+00	3663	1.072583e+01	1079
58349		5.924863e+00	1069	7.395037e+00	1359	2.486476e+01	31
58395		3.618139e+01	8	1.250829e+01	3336	2.318268e+01	118
58546		6.314990e+00	931	1.640930e+01	216	3.270781e+01	11
59141		9.125377e+00	1685	1.188841e+01	2196	1.225836e+01	2902
59414		1.606011e+01	76	1.752507e+01	195	2.151390e+01	149
59659		2.780980e+01	13	7.746668e+00	3387	1.594383e+01	222
59681		4.736566e+01	4	6.976983e+00	1335	1.051992e+01	1094
59785		1.074775e+01	171	3.319149e+01	15	1.065068e+01	1648
60072		3.544435e+01	29	6.940600e+00	2982	3.056985e+01	18
60809		4.213805e+00	3680	9.488835e+00	913	1.072914e+01	1279
61524		2.042885e+01	22	2.004409e+01	84	1.665001e+01	256
63403		4.385018e+01	6	1.157872e+01	619	3.738664e+01	27
64473		2.699108e+01	13	8.696536e+00	3387	1.202038e+01	847
65204		9.670079e+00	2140	1.034699e+01	2240	2.157526e+01	242
65884		5.198744e+00	1880	2.668698e+01	54	3.221751e+01	15
67956		2.466619e+00	3286	6.546819e+00	665	9.436012e+00	927
68051		2.849288e+01	13	1.135215e+01	847	2.103998e+01	296
68859		2.403623e+01	78	1.275830e+01	186	9.893327e+00	855
70165		1.656271e+01	136	5.585455e+00	3938	6.259037e+00	1876
72149		4.712100e+01	4	2.664993e+01	136	1.635230e+01	598
