6841		5.178206e+01	1	2.342820e+01	1835	2.466765e+01	1736
6848		3.795337e+00	1309	9.093904e+00	1546	3.208585e+01	47
6851		1.320143e+01	51	1.382560e+01	500	2.069626e+01	146
6854		3.290233e+01	4	2.992399e+01	136	1.832502e+01	1809
6857		4.172898e+01	6	6.555976e+00	3572	9.409418e+00	3563
6858		1.378305e+01	191	2.325904e+01	104	1.359183e+01	3498
6868		2.745058e+01	9	1.559983e+01	3428	1.621929e+01	3429
6869		9.666547e+00	822	2.783753e+01	47	1.652556e+01	1189
6870		8.041768e+00	712	1.133308e+01	2595	3.914770e+01	34
6878		6.755271e+00	2853	9.352460e+00	2086	2.240698e+01	117
6881		7.609742e+01	1	2.208349e+01	165	1.957124e+01	209
6883		2.618923e+01	38	6.998084e+00	2834	5.119102e+01	3
6891		5.796213e+01	1	1.370460e+01	155	1.510547e+01	1181
6920		5.413965e+00	3791	2.066051e+01	53	1.868184e+01	459
6922		3.897126e+01	6	2.958485e+01	119	3.572924e+01	30
6923		1.487310e+01	48	7.651840e+00	3351	1.265773e+01	1649
6924		7.666761e+00	1032	1.985308e+01	65	1.067601e+01	773
6935		6.327057e+00	1789	5.643715e+00	3001	2.009485e+01	39
6950		1.830585e+01	63	1.782851e+01	36	7.625745e+00	2151
6976		7.874617e+00	440	7.223898e+00	4012	1.283558e+01	386
6982		1.566905e+01	258	2.311643e+01	83	1.358613e+01	1622
6995		5.549559e+00	1405	1.090404e+01	1693	9.429495e+00	2350
7000		1.991922e+01	70	9.631805e+00	3383	1.391820e+01	264
7011		5.956776e+00	458	6.722133e+01	1	1.894834e+01	30
7016		4.136870e+00	1792	2.864840e+01	39	8.295433e+00	3470
7080		1.082402e+01	3667	1.423064e+01	2253	3.309000e+01	35
7088		4.147841e+01	4	2.581277e+01	136	1.270469e+01	2833
7092		8.526741e+00	688	6.912948e+00	923	8.918989e+00	1383
7097		1.589148e+01	474	2.074453e+01	153	1.171930e+01	4145
7108		2.815575e+01	44	1.864634e+01	1664	2.189480e+01	412
7111		4.574920e+01	5	1.122124e+01	3705	2.457478e+01	63
7130		1.383483e+01	126	6.536076e+00	635	1.410668e+01	1023
7136		1.223628e+01	2999	2.552030e+01	236	2.168484e+01	374
7143		1.299064e+01	112	7.159727e+00	2158	2.569758e+01	34
7148		4.410796e+00	1843	2.161433e+01	51	7.865996e+00	1907
7149		6.070133e+00	1079	8.027682e+00	2569	9.281141e+00	3663
7164		1.480523e+01	84	2.410838e+01	22	1.554609e+01	256
7179		1.205908e+01	120	1.238644e+01	590	2.364534e+01	41
7189		3.191668e+01	2	5.346165e+00	2454	6.352708e+00	2635
7204		1.781167e+01	113	1.390294e+01	3910	4.389353e+01	11
7210		8.665538e+00	251	2.828488e+00	2179	7.893451e+00	434
7212		1.260707e+01	2505	2.139728e+01	153	3.390085e+01	71
7213		6.398214e+00	660	8.090698e+00	4191	8.050711e+00	4243
7215		5.199585e+01	1	1.992914e+01	902	1.664544e+01	2737
7220		4.967236e+01	3	9.858001e+00	3954	1.925842e+01	1600
7230		1.209767e+01	58	8.701260e+00	1394	1.315711e+01	2870
7235		6.150384e+00	368	1.090353e+01	282	7.728664e+00	2351
7238		3.096194e+00	1127	6.159980e+00	1933	1.673382e+01	88
7254		8.080414e+00	1240	1.083583e+01	797	1.366613e+01	322
7265		4.568847e+01	2	1.491049e+01	2647	1.460854e+01	2909
7273		7.412193e+00	460	6.823077e+00	2042	1.152193e+01	1040
7294		5.952683e+01	2	5.384494e+00	2867	5.808523e+00	3937
7301		3.863965e+00	2199	5.424682e+01	2	1.479173e+01	221
7310		4.009267e+00	346	1.257908e+01	338	1.860192e+01	109
7314		6.414246e+00	291	3.759338e+01	5	1.129036e+01	3732
7324		1.540512e+01	45	1.624728e+01	221	1.588625e+01	1199
7325		9.313259e+00	115	2.400766e+01	32	1.358487e+01	1802
7326		1.022889e+02	1	1.204515e+01	3678	1.371763e+01	1854
7342		1.775420e+01	52	2.913277e+01	28	1.151308e+01	4205
7344		1.357881e+01	785	1.551213e+01	1281	1.777782e+01	1139
7357		1.613033e+01	60	4.210030e+00	3227	1.202651e+01	894
7382		6.018544e+00	272	2.363080e+01	29	1.835093e+01	68
7384		5.670320e+00	443	8.487764e+00	800	7.278260e+00	1083
7393		4.113812e+01	2	1.282654e+01	3917	3.145825e+01	96
7395		1.183154e+01	200	1.534879e+01	192	2.875685e+01	18
7398		5.098036e+01	3	1.713685e+01	203	1.803450e+01	402
7401		4.133045e+01	7	1.957239e+01	446	1.730406e+01	324
7402		8.135021e+00	317	5.791496e+00	944	3.801829e+01	35
7406		6.560697e+01	3	1.588948e+01	732	1.356096e+01	4002
7424		3.238737e+01	17	1.241675e+01	907	1.225721e+01	2564
7430		7.978844e+01	1	2.368280e+01	319	1.796165e+01	3307
7434		4.282729e+00	1295	9.783821e+00	1519	1.027872e+01	3635
7441		2.507160e+01	25	1.042610e+01	1121	2.330144e+01	31
7451		2.724030e+01	13	2.837983e+01	18	6.593328e+00	2527
7452		9.199315e+00	2253	1.727619e+01	431	1.245646e+01	3612
7473		6.755807e+01	1	5.433836e+01	8	1.526650e+01	510
7479		5.427812e+00	1603	3.656559e+01	4	1.422562e+01	331
7484		7.869811e+00	2035	2.054561e+01	135	1.771379e+01	453
7491		5.691198e+01	3	1.115098e+01	3116	1.789280e+01	1438
7498		1.358702e+01	707	1.340721e+01	1856	1.469331e+01	607
7502		1.200206e+01	1742	1.767741e+01	513	2.073620e+01	290
7506		7.315749e+01	1	6.505543e+00	2558	6.976667e+00	2374
7513		8.332136e+00	1034	8.026657e+00	1128	5.682502e+00	3767
7516		1.503963e+01	31	2.989771e+01	15	1.372875e+01	2091
7540		3.154290e+00	1128	1.300634e+01	260	1.007223e+01	1034
7543		5.837334e+00	938	2.371683e+01	32	2.014880e+01	115
7578		5.804724e+01	5	1.593684e+01	370	9.316411e+00	3640
7587		1.621599e+01	41	1.326820e+01	177	3.021395e+01	60
7593		8.000153e+00	357	1.044189e+01	663	1.429647e+01	1573
7599		3.692090e+01	2	1.135987e+01	3988	2.216202e+01	193
7618		1.154859e+01	251	9.164400e+00	434	9.975529e+00	2179
7621		1.900979e+01	65	9.391584e+00	1548	1.041295e+01	2377
7630		4.919804e+01	1	1.584637e+01	4283	2.312507e+01	3385
7631		1.297942e+01	157	6.075406e+00	1550	9.861016e+00	2392
7635		5.239050e+00	1222	1.416027e+01	492	1.280457e+01	3300
7642		1.094960e+01	1126	2.308515e+01	146	1.160984e+01	1546
7646		1.333342e+01	3247	2.830893e+01	111	2.091288e+01	1143
7649		8.511042e+00	907	1.240600e+01	448	1.359654e+01	1032
7650		2.096821e+01	18	2.576337e+01	13	9.773576e+00	3487
7659		5.431866e+01	1	1.168198e+01	1743	1.279763e+01	816
7676		7.330093e+00	2037	9.355190e+00	1116	1.090403e+01	1052
7678		1.781901e+01	30	6.668721e+00	3626	1.809714e+01	466
7693		8.280239e+00	1790	1.146530e+01	2134	1.429569e+01	412
7737		4.971567e+00	3295	1.406385e+01	428	6.597775e+00	1274
7739		6.630784e+00	2203	9.706672e+00	4145	1.369434e+01	577
7741		5.382609e+01	7	4.465221e+00	4302	1.711759e+01	3406
7745		4.818396e+01	5	3.394085e+01	136	1.143991e+01	1393
7759		9.940169e+00	138	8.799716e+00	3124	3.411552e+01	50
7779		9.098637e+00	270	1.901494e+01	53	2.144299e+01	72
7784		2.255626e+00	4158	1.623307e+01	322	9.228438e+00	1571
7791		1.596303e+01	44	1.832063e+01	286	1.248704e+01	3633
7795		7.793747e+00	3361	1.021441e+01	928	8.855398e+00	2343
7800		4.460332e+01	6	2.629230e+01	55	7.634595e+01	1
7801		3.221672e+01	34	1.414640e+01	450	9.831097e+00	1035
7802		3.934663e+00	623	4.311867e+01	6	2.054606e+01	43
7818		1.109157e+01	1221	2.041052e+01	235	2.647361e+01	26
7833		2.686160e+00	2506	3.199513e+00	4261	6.144890e+00	1404
7840		2.017424e+01	78	9.972915e+00	186	1.583538e+01	259
7841		3.079205e+01	9	1.289339e+01	244	1.376782e+01	3488
7850		1.270558e+01	65	9.683584e+00	1032	4.432470e+01	17
7879		4.158676e+01	3	6.356222e+00	3234	1.135179e+01	1450
7898		1.601150e+01	201	1.109297e+01	1933	9.657463e+00	3753
7917		9.284477e+00	1025	1.080550e+01	828	1.026129e+01	1196
7930		7.353125e+00	2641	5.645062e+01	3	7.848852e+00	4006
7942		1.081721e+01	130	1.807316e+01	67	2.885067e+01	25
7947		6.765796e+01	1	8.219837e+00	981	1.124247e+01	925
8031		7.716885e+01	1	9.360110e+00	2543	2.687602e+01	95
8033		6.057622e+01	1	9.282613e+00	1908	1.334057e+01	1914
8043		5.115294e+01	1	9.836416e+00	942	1.315338e+01	1258
8053		1.123599e+01	236	2.641609e+01	49	5.232615e+01	7
8058		7.543190e+00	2107	2.065314e+01	45	1.885955e+01	221
8084		3.289162e+01	38	1.566772e+01	1143	1.329265e+01	1449
8092		2.567027e+01	22	8.508547e+00	2407	1.460966e+01	344
8099		4.209168e+01	5	7.737701e+00	2396	8.530544e+00	1625
8101		6.228428e+00	566	1.372777e+01	251	1.121771e+01	341
8106		1.632232e+01	120	1.247424e+01	702	1.068359e+01	827
8108		8.610641e+01	1	5.885736e+00	2915	6.076222e+00	2670
8110		2.958853e+01	11	9.044881e+00	2817	1.877754e+01	113
8114		4.223474e+01	6	1.584970e+01	188	3.391561e+01	27
8126		3.795863e+01	12	1.475739e+01	1481	1.512551e+01	335
8130		1.786486e+01	70	1.194883e+01	877	1.398675e+01	1244
8132		5.521757e+01	19	1.263010e+01	1361	2.889148e+01	230
8136		6.014944e+01	19	1.275557e+01	3223	2.072802e+01	854
8148		2.288847e+01	135	1.355130e+01	3314	2.274961e+01	172
8150		7.719719e+01	1	1.995225e+01	82	1.309151e+01	1919
8153		3.444487e+01	6	6.778616e+00	2538	1.684060e+01	3002
8154		8.564623e+00	867	1.492386e+01	326	8.140029e+00	4215
8197		4.847732e+01	3	1.098426e+01	3954	1.614271e+01	3233
8200		7.944914e+00	338	3.531889e+00	4234	5.797038e+00	2218
8210		1.986984e+01	29	5.504380e+00	2141	8.143867e+00	3545
8213		8.169962e+00	716	8.937834e+00	281	1.230794e+01	408
8224		1.275641e+01	82	8.971011e+00	2749	1.168479e+01	3523
8236		6.360584e+01	1	1.169735e+01	2374	1.817091e+01	401
8244		4.476316e+01	7	8.690135e+00	4275	1.032351e+01	1383
8279		1.732355e+01	38	8.821725e+00	1337	8.435426e+00	1499
8291		7.611861e+01	1	9.891006e+00	329	1.217260e+01	656
8294		6.174525e+00	376	9.205490e+00	3939	6.629228e+01	4
8300		4.364609e+01	14	1.031056e+01	464	1.149790e+01	274
8307		3.970619e+00	2555	5.885042e+00	463	1.156483e+01	297
8332		8.865583e+00	3867	1.289940e+01	2426	1.935970e+01	216
8336		2.955106e+01	54	1.575116e+01	171	1.544935e+01	319
8340		3.111754e+01	18	2.961976e+01	13	1.824518e+01	228
8344		6.686690e+01	1	1.750103e+01	2374	1.667012e+01	2241
8348		1.229154e+01	77	6.969371e+00	1277	2.117380e+01	89
8355		6.267833e+00	332	9.767251e+00	706	1.467350e+01	400
8360		1.487881e+01	190	3.680509e+01	14	6.369080e+00	2808
8372		1.365783e+01	115	2.287786e+01	32	1.179198e+01	938
8386		4.887257e+00	2489	1.412187e+01	502	7.748631e+00	4207
8398		1.247895e+01	436	1.629736e+01	171	8.341131e+00	1827
8399		7.432311e+00	1314	2.327820e+01	41	2.338716e+01	60
8403		1.217891e+01	62	2.086804e+01	104	1.992151e+01	132
8409		5.679140e+01	4	1.501200e+01	1356	1.444615e+01	2422
8411		8.299957e+00	1479	1.097784e+01	2957	1.254707e+01	1259
8416		4.462196e+01	34	6.012827e+01	3	9.257789e+00	1174
8420		7.185343e+00	782	4.595195e+01	8	6.946709e+00	1013
8448		2.390291e+01	90	1.418777e+01	1472	3.012980e+01	163
8472		2.359825e+01	147	1.112750e+01	1770	1.661664e+01	1221
8500		4.230431e+00	2210	7.961019e+01	1	7.777257e+00	1966
8506		1.993361e+01	83	1.016202e+01	2383	1.415870e+01	1622
8514		1.864183e+01	17	8.453373e+00	3604	9.212376e+00	3059
8530		1.977755e+00	2085	2.082420e+01	60	6.970718e+01	3
8534		2.985975e+01	22	8.629906e+00	1004	1.224951e+01	2603
8547		9.151144e+00	76	1.602839e+01	501	1.546016e+01	2390
8560		2.609243e+01	17	1.375049e+01	1106	1.392761e+01	3037
8565		1.173080e+01	60	2.053663e+01	164	6.920822e+01	3
8578		1.348664e+01	181	4.234402e+01	18	1.201534e+01	897
8584		1.982968e+01	140	7.799648e+00	3072	1.079456e+01	3584
8593		2.413901e+01	71	2.527062e+01	104	4.523610e+01	18
8608		7.239793e+00	258	7.893722e+00	2561	1.326823e+01	627
8650		7.851529e+00	2452	2.175367e+01	111	1.326162e+01	661
8665		4.499766e+01	6	1.103038e+01	1738	2.590353e+01	27
8669		1.278745e+01	254	1.462872e+01	652	1.465818e+01	4025
8720		4.596520e+01	6	8.214109e+00	3458	9.299488e+00	2997
8722		1.172813e+01	85	1.199732e+01	3106	1.239730e+01	2800
8729		9.803198e+00	2145	8.180855e+00	1852	2.361749e+01	57
8734		9.225228e+00	4050	1.267793e+01	4075	1.562003e+01	1255
8736		1.923820e+01	65	1.248359e+01	773	1.335739e+01	1798
8738		1.254640e+01	64	9.788449e+00	808	1.231926e+01	839
8739		1.841586e+01	46	1.812523e+01	295	2.449528e+01	62
8750		1.284290e+01	165	9.126174e+00	1578	6.764209e+00	3417
8756		2.168956e+00	3623	2.365964e+01	23	2.464341e+01	112
8762		2.454104e+01	17	1.374365e+01	735	1.197541e+01	1915
8768		6.678466e+01	7	1.112494e+01	407	9.100963e+00	1764
8769		2.131923e+01	35	9.244991e+00	1177	1.975530e+01	250
8778		1.181351e+01	944	1.688651e+01	317	2.743910e+01	77
8811		9.174718e+00	906	1.133441e+01	4253	5.153742e+01	7
8813		2.477840e+01	79	4.593931e+01	16	2.156710e+01	201
8827		1.238714e+01	152	5.866621e+00	805	7.376587e+00	2786
8828		7.048448e+01	3	1.699039e+01	145	1.680417e+01	162
8830		2.316107e+01	27	1.564373e+01	398	1.337105e+01	1849
8840		5.680466e+00	1125	8.003343e+00	3501	1.304698e+01	522
8845		8.976242e+00	116	6.603582e+00	2147	7.035022e+01	1
8893		9.868962e+00	3600	9.013207e+00	2767	1.113764e+01	3607
8901		2.138607e+01	45	9.402187e+00	669	1.743814e+01	361
8909		4.672224e+01	17	1.374293e+01	1699	3.100991e+01	51
8922		4.181124e+01	7	1.621353e+01	452	2.960029e+01	49
8939		1.665737e+01	33	1.115936e+01	212	8.251110e+00	672
8954		6.322718e+00	381	7.536568e+00	3345	1.459171e+01	840
8959		9.476287e+00	67	2.049786e+01	130	2.700491e+01	86
8965		6.185019e+00	246	2.747829e+01	31	1.207830e+01	969
8973		2.247173e+01	78	1.290826e+01	259	1.221402e+01	855
9003		5.942428e+00	2223	1.796890e+01	209	2.131005e+01	165
9012		2.718062e+01	9	1.244939e+01	2708	1.275353e+01	2356
9017		4.043867e+00	1413	6.578778e+00	1068	6.577899e+00	2578
9031		5.792244e+00	4264	1.332356e+01	465	2.118261e+01	74
9038		5.272079e+01	4	7.779604e+00	598	7.896350e+01	5
9052		2.155541e+00	3545	2.202991e+01	29	1.065824e+01	974
9073		3.105997e+00	2698	6.477466e+00	1242	7.313505e+00	729
9093		8.809347e+01	1	7.208821e+00	841	1.169399e+01	2679
9106		5.949198e+01	1	1.093118e+01	3060	1.187758e+01	2759
9140		8.628950e+00	330	1.068746e+01	606	1.097320e+01	1008
9141		1.458779e+01	32	1.263865e+01	704	1.628261e+01	365
9150		3.896183e+01	6	5.200109e+00	2997	2.264889e+01	27
9161		6.215103e+00	1450	7.361976e+00	2309	1.183201e+01	838
9165		2.001295e+01	33	1.067701e+01	556	7.037807e+00	1916
9176		9.671653e+00	986	9.889023e+00	1898	2.776668e+01	45
9179		3.523079e+00	711	1.586197e+01	197	1.339164e+01	670
9187		3.559485e+00	2747	3.884629e+00	2546	2.705070e+01	29
9199		6.612005e+00	729	1.008337e+01	718	2.665168e+01	13
9204		3.004575e+01	15	1.299526e+01	1423	1.289096e+01	998
9212		9.823924e+00	1431	8.805663e+00	2041	1.104897e+01	1457
9217		1.652590e+01	251	5.056392e+01	5	1.233796e+01	2843
9227		7.608726e+00	1383	4.717207e+01	7	3.790598e+01	9
9256		6.717043e+00	1032	9.010705e+00	907	2.100490e+01	65
9261		7.292438e+00	3194	2.810738e+01	32	1.836807e+01	349
9262		9.091683e+00	150	1.043662e+02	1	1.776941e+01	277
9280		4.100588e+01	2	1.966329e+01	347	1.857032e+01	546
9284		6.746095e+01	2	2.633052e+01	45	5.337767e+01	19
9285		3.556320e+01	3	1.505504e+01	3843	1.699283e+01	1467
9286		4.563017e+01	4	3.716797e+01	136	2.088007e+01	218
9317		4.070947e+01	6	2.036247e+01	55	8.418043e+00	3070
9326		1.798054e+01	35	1.011607e+01	352	6.794085e+00	3043
9333		3.768882e+00	2357	1.676495e+01	165	6.965389e+00	3454
9342		6.051053e+00	596	9.025893e+00	1734	2.681983e+01	13
9348		1.089668e+01	2417	2.583014e+01	50	3.872168e+01	11
9349		6.783031e+00	815	1.376742e+01	245	1.920582e+01	71
9365		1.882725e+01	115	7.269968e+00	938	1.986599e+01	128
9372		3.323905e+00	1576	1.579182e+01	87	7.671404e+00	780
9378		6.421591e+00	3269	1.830266e+01	185	1.405223e+01	637
9387		7.184901e+00	1897	2.771277e+01	105	1.246180e+01	4211
9399		2.881766e+01	29	1.077540e+01	1055	4.301336e+01	18
9411		4.575172e+01	3	6.336183e+00	1764	9.607445e+00	1681
9435		1.863618e+01	361	1.162506e+01	669	9.169353e+00	2336
9455		3.162493e+00	2113	1.025220e+01	740	6.753296e+00	4183
9474		3.004600e+00	2595	3.488597e+01	34	1.148727e+01	712
9481		1.255656e+01	350	1.183217e+01	576	1.958370e+01	97
9483		3.006487e+01	136	4.701321e+01	5	1.073876e+01	837
9486		5.500981e+01	5	7.561256e+00	1421	4.094918e+01	4
9487		4.908269e+00	261	1.261232e+01	507	9.812630e+00	2198
9496		1.112047e+01	3119	1.932837e+01	394	3.359914e+01	24
9529		4.272342e+01	3	7.985528e+00	845	1.213277e+01	2871
9532		4.165754e+01	6	9.687601e+00	2052	1.350857e+01	3563
9545		4.952058e+01	3	1.392487e+01	838	1.334112e+01	1100
9552		3.276137e+00	851	5.140305e+00	1410	2.036618e+01	103
9554		5.677319e+00	3178	5.655025e+01	2	8.264482e+00	996
9560		2.245999e+01	16	3.881095e+01	11	3.404468e+01	21
9563		5.637763e+00	1723	6.254942e+00	3999	2.197019e+01	58
9604		5.367164e+01	6	5.594112e+00	2117	1.155151e+01	2503
9612		6.413530e+00	2524	8.737369e+00	1906	2.214028e+01	71
9621		4.012236e+01	6	1.189717e+01	535	1.147923e+01	3071
9623		1.532154e+01	1050	2.109271e+01	241	1.823385e+01	917
9626		5.522396e+01	2	9.944326e+00	1958	1.049326e+01	3305
9634		9.466588e+00	785	1.141382e+01	1080	1.038779e+01	3771
9641		2.913500e+00	2986	2.360474e+01	70	9.938780e+00	3453
9649		1.366167e+01	110	5.038396e+00	1694	1.796887e+01	70
9670		8.254197e+00	466	2.362645e+01	30	7.470298e+00	3058
9672		5.614436e+00	2607	1.098929e+01	3853	1.676459e+01	503
9682		1.415781e+01	40	1.249960e+01	2286	1.417493e+01	2174
9699		1.439100e+01	30	2.631492e+01	98	2.039233e+01	116
9724		3.391457e+01	2	5.963031e+00	2186	4.847628e+00	3983
9736		1.737054e+01	65	1.148754e+01	1548	1.890567e+01	198
9745		1.982353e+01	68	1.453266e+01	121	9.635857e+00	1859
9805		7.283489e+00	4145	1.510466e+01	577	1.819707e+01	474
9807		3.716789e+01	6	1.594968e+01	535	2.618295e+01	119
9822		4.339595e+00	1068	3.755361e+00	1413	7.571018e+00	2578
9848		2.722929e+01	14	1.145313e+01	178	2.554279e+01	72
9857		6.603903e+00	3859	1.065487e+01	3179	5.806405e+01	4
9861		9.568360e+00	1333	1.945926e+01	84	1.606773e+01	256
9876		4.178399e+01	8	2.283511e+01	118	1.070221e+01	4228
9878		5.633078e+01	6	1.063194e+01	1269	1.131584e+01	2567
9883		4.418141e+01	7	1.289295e+01	987	1.066481e+01	3406
9890		2.755572e+01	35	1.543495e+01	280	1.519587e+01	628
9893		9.621569e+00	432	3.283252e+01	25	9.693382e+00	3723
9898		8.960889e+00	499	2.778433e+01	27	1.091898e+01	1793
9904		5.506349e+01	2	1.000490e+01	3926	2.265880e+01	347
9917		3.567804e+01	3	9.937670e+00	2089	1.405785e+01	545
9920		7.002361e+00	222	6.255401e+00	2121	1.425624e+01	1051
9939		1.566308e+01	50	2.096825e+01	121	1.616711e+01	1752
9959		9.489334e+00	216	4.120514e+01	16	1.168849e+01	2816
9987		5.864877e+00	3611	2.959666e+01	33	1.591658e+01	258
9988		3.389413e+01	7	1.218892e+01	452	1.176658e+01	4196
10008		2.617536e+01	39	1.768853e+01	335	4.753137e+01	12
10014		1.619411e+01	133	3.755772e+01	19	1.182486e+01	3199
10020		2.454290e+01	14	1.106800e+01	483	5.200322e+01	2
10023		1.998501e+01	182	1.523606e+01	365	1.427034e+01	700
10037		1.482380e+01	186	8.970022e+00	979	1.113849e+01	2460
10043		6.935522e+01	1	4.760315e+01	6	1.122432e+01	3433
10060		6.558267e+00	468	1.670095e+01	87	8.382596e+00	4277
10062		9.438529e+00	267	1.034202e+01	305	1.221518e+01	1179
10107		5.240206e+01	17	1.396893e+01	242	8.999504e+00	2240
10130		5.286214e+00	605	7.578763e+01	1	7.543222e+00	2543
10140		1.991532e+01	26	1.320304e+01	403	1.245516e+01	1652
10156		1.161619e+01	213	5.712474e+00	947	8.072825e+00	1796
10167		1.632025e+01	2368	1.779544e+01	3532	6.363345e+01	6
10178		3.120857e+01	8	2.363970e+01	678	1.710404e+01	3315
10209		1.507560e+01	21	2.270756e+01	1353	3.461423e+01	16
10227		1.037093e+01	1055	4.094805e+01	18	2.488562e+01	97
10237		4.484680e+00	764	3.355460e+01	11	9.426992e+00	385
10244		3.590625e+01	9	3.277531e+01	23	1.469021e+01	3039
10250		1.055044e+01	161	7.109451e+00	1367	8.442197e+00	2112
10252		6.202915e+00	963	1.268953e+01	250	8.962712e+00	1844
10255		5.150649e+01	1	1.016617e+01	3407	1.250525e+01	791
10263		8.400846e+00	434	1.023903e+01	251	7.291256e+00	2179
10272		1.026652e+01	257	2.030295e+01	58	1.464397e+01	582
10277		3.832906e+01	18	1.313642e+01	2369	1.597435e+01	1913
10303		6.597233e+00	513	3.030861e+01	9	1.310749e+01	354
10305		7.883340e+01	1	1.035697e+01	891	1.028323e+01	4252
10313		7.494351e+01	1	2.663001e+01	55	1.445318e+01	1180
10335		1.147211e+01	1093	1.265879e+01	2410	2.365824e+01	157
10359		6.471310e+00	450	2.518382e+01	79	1.155057e+01	611
10374		4.652948e+01	7	8.526993e+00	3994	1.187231e+01	2187
10396		1.025477e+01	87	9.260169e+00	994	8.850319e+00	3379
10398		8.231645e+00	3781	6.739996e+01	5	2.139596e+01	384
10413		7.601974e+01	1	1.268684e+01	641	3.762506e+01	9
10417		7.464431e+00	715	1.046013e+01	524	2.024524e+01	104
10418		9.205929e+00	556	2.572885e+01	33	9.462979e+00	1916
10428		7.366265e+00	1007	8.597506e+01	1	6.843168e+00	2951
10432		8.472409e+00	178	3.236762e+01	14	4.461949e+01	2
10437		2.416499e+00	2569	7.025850e+00	1079	1.011652e+01	1118
10445		3.835232e+00	4247	7.258864e+00	1508	3.507255e+01	13
10446		6.120229e+00	1248	1.930837e+01	126	1.368476e+01	635
10465		2.589785e+01	31	1.150196e+01	130	1.005463e+01	754
10489		1.010193e+01	457	1.793138e+01	302	1.537554e+01	757
10496		1.335458e+01	177	5.924919e+00	2191	2.008246e+01	41
10512		8.913591e+00	688	9.585836e+00	244	1.085450e+01	2352
10516		6.248755e+01	1	1.495570e+01	2703	1.675015e+01	1090
10537		3.058704e+01	13	1.034655e+01	555	9.157455e+00	1508
10560		3.178503e+01	34	1.781805e+01	450	1.210862e+01	1357
10579		9.654676e+00	1049	6.976998e+00	4019	5.221411e+01	7
10584		3.050413e+01	26	1.667661e+01	194	1.006882e+01	2217
10599		8.271512e+00	1213	2.164447e+01	84	8.718719e+00	2422
10603		1.302475e+01	185	6.819206e+00	3284	5.646821e+01	4
10617		1.137801e+01	529	7.785819e+00	2547	1.390770e+01	309
10640		5.591621e+01	7	1.168356e+01	1404	1.074870e+01	2221
10649		7.380559e+00	1882	1.325053e+01	979	1.439239e+01	637
10652		5.564101e+00	2157	6.331695e+00	1588	6.992485e+01	5
10653		9.061923e+00	126	1.370358e+01	3132	3.527893e+01	38
10656		2.986877e+01	113	6.199035e+01	2	5.202773e+01	11
10669		1.679303e+01	17	1.299171e+01	1915	2.052876e+01	1135
10691		6.655552e+00	3791	1.804046e+01	53	2.418982e+01	459
10702		3.404816e+00	1171	5.660410e+00	619	3.857405e+01	27
10703		2.283931e+01	102	1.354874e+01	1537	1.360243e+01	4026
10732		1.208867e+01	331	8.404954e+00	1819	4.864880e+01	4
10744		8.625057e+00	1410	4.326881e+01	36	2.001004e+01	2754
10763		1.617237e+01	95	6.358284e+01	1	5.841074e+01	6
10776		4.560716e+00	506	2.297128e+01	31	1.086879e+01	2620
10780		8.698021e+00	902	9.533291e+00	1205	1.340872e+01	226
10781		4.316907e+00	1672	1.910639e+01	72	7.703869e+00	3801
10790		8.091910e+00	150	5.397424e+01	5	9.748591e+00	774
10809		1.082469e+01	616	1.513461e+01	382	1.561223e+01	2588
10813		7.713673e+00	2240	7.331815e+00	2140	2.015485e+01	242
10818		1.513546e+01	221	8.702162e+00	3321	5.870125e+01	2
10823		1.727389e+01	122	1.058294e+01	889	1.196060e+01	1142
10830		3.964267e+01	2	9.049720e+00	581	1.181642e+01	736
10832		8.275671e+00	976	7.751748e+00	3657	1.188970e+01	964
10837		4.646973e+01	6	8.097530e+00	1667	8.537530e+00	3071
10839		2.441150e+01	14	1.656600e+01	178	4.753206e+01	2
10870		1.788632e+01	120	6.595041e+00	827	1.243004e+01	702
10877		8.418381e+00	240	5.067873e+00	780	7.079007e+01	1
10880		4.686770e+00	3142	2.100544e+01	150	4.361695e+01	4
10885		5.118942e+01	1	1.316491e+01	816	1.371698e+01	911
10895		3.355258e+01	6	1.439509e+01	1658	1.372597e+01	3537
10898		4.425988e+00	1058	1.911881e+01	24	1.004205e+01	2158
10901		4.447435e+00	1859	2.214309e+01	68	2.548835e+01	50
10902		1.112324e+01	130	2.588517e+01	25	1.470635e+01	1121
10913		1.665899e+01	17	1.195281e+01	3651	1.616734e+01	2257
10916		5.562673e+00	537	6.788002e+00	1939	7.688555e+00	469
10919		4.203863e+00	240	1.134862e+01	314	9.142917e+00	1366
10927		2.734992e+01	22	7.475348e+00	480	7.470220e+00	1530
10941		5.787994e+00	2047	3.293637e+01	27	3.166185e+01	81
10950		4.654920e+01	6	5.909319e+00	1260	1.605277e+01	623
10952		1.224973e+01	106	4.596500e+01	7	1.588102e+01	451
10971		2.060675e+01	67	8.213983e+00	3893	1.183964e+01	2179
11002		3.119026e+01	17	1.287982e+01	461	1.265280e+01	857
11011		6.993179e+00	192	1.438181e+01	200	1.054375e+01	1899
11024		1.817649e+01	24	2.604436e+01	23	1.100622e+01	1433
11026		2.791641e+01	22	1.690302e+01	133	1.326112e+01	1299
11027		4.451294e+01	2	1.339402e+01	1881	2.073479e+01	238
11062		4.394291e+01	8	4.158163e+00	3357	5.131885e+00	2494
11064		3.193199e+01	13	4.312364e+00	1016	7.318460e+00	4257
11071		2.200064e+01	73	9.212601e+00	3653	1.363339e+01	1623
11111		2.063875e+01	30	1.043460e+01	798	1.351743e+01	3626
11113		2.687959e+01	40	1.025708e+01	1191	1.227413e+01	966
11135		1.940938e+01	18	2.259653e+01	13	2.109954e+01	1089
11155		8.773327e+00	3078	3.647900e+01	29	1.297885e+01	2787
11166		1.937657e+01	45	8.901004e+00	2107	1.333811e+01	669
11177		2.332393e+01	22	1.553330e+01	300	1.627023e+01	1003
11181		3.008403e+01	9	9.397727e+00	641	1.012063e+01	1741
11183		5.252011e+01	5	1.651417e+01	1760	1.681373e+01	2818
11194		4.843939e+00	1359	1.291632e+01	1112	1.169540e+01	1069
11222		4.368909e+00	657	2.157386e+01	196	7.160920e+00	4319
11239		6.808020e+01	7	4.184559e+00	3223	5.992580e+01	19
11246		1.921767e+01	16	3.007892e+01	21	1.816799e+01	3659
11292		1.932901e+01	53	1.204827e+01	286	6.918276e+00	3756
11304		1.595530e+01	97	2.303072e+01	18	9.458817e+00	869
11311		8.769973e+01	1	8.111964e+00	3307	8.707691e+00	4116
11328		7.562297e+00	1900	6.334807e+00	4300	1.245081e+01	1293
11329		2.213705e+01	156	5.181895e+01	9	1.473847e+01	1729
11351		2.639426e+01	136	4.124320e+01	4	1.825631e+01	1876
11354		2.141361e+01	17	1.206236e+01	676	1.599751e+01	1915
11359		1.263939e+01	1281	1.069945e+01	3775	3.730554e+01	85
11388		4.299399e+00	2830	2.564095e+01	38	1.194663e+01	517
11405		1.754988e+01	41	1.242573e+01	278	1.865545e+01	590
11411		9.866364e+00	275	1.173309e+01	305	8.489551e+00	1245
11423		1.306606e+01	131	9.992624e+00	2032	8.346010e+00	4201
11452		5.196706e+00	438	2.033613e+01	27	9.451126e+00	3494
11461		8.168149e+00	935	1.432163e+01	549	1.298456e+01	1346
11467		1.168801e+01	101	1.854273e+01	401	2.526144e+01	501
11470		2.523588e+01	27	8.043695e+00	3505	1.820273e+01	438
11478		1.744020e+01	225	6.503995e+00	4117	1.432105e+01	276
11482		6.208485e+01	2	8.666496e+00	1497	1.386107e+01	418
11494		5.454314e+01	3	2.160603e+01	262	2.269792e+01	407
11519		4.362515e+00	1523	5.592912e+00	852	1.076511e+01	419
11537		9.490492e+00	184	9.091648e+00	1077	1.410320e+01	253
11540		4.228974e+00	633	5.305626e+00	781	9.047075e+00	609
11569		3.756375e+01	3	1.373419e+01	1450	1.267354e+01	1766
11612		9.211361e+01	1	1.633320e+01	652	1.826056e+01	637
11632		2.113928e+01	92	1.208254e+01	378	1.277449e+01	700
11644		9.327878e+00	313	1.483770e+01	325	1.052613e+01	4092
11652		7.205905e+01	7	6.293678e+00	2005	1.505896e+01	407
11683		1.939685e+01	71	9.753514e+00	2524	1.085753e+01	2983
11690		1.536737e+01	67	1.683968e+01	303	1.635414e+01	967
11735		4.985547e+01	2	3.860961e+01	19	1.570662e+01	1086
11754		4.140536e+00	832	4.710150e+00	2195	3.465451e+01	37
11758		1.686556e+01	98	2.123271e+01	30	2.144342e+01	116
11760		8.804506e+00	145	1.849963e+01	61	1.173376e+01	2822
11765		1.010395e+02	1	1.985593e+01	277	1.730172e+01	3751
11770		1.794192e+01	288	1.106033e+01	3411	1.233427e+01	4263
11779		4.649410e+01	9	1.133575e+01	1742	2.307061e+01	354
11814		8.869315e+00	412	9.570993e+00	2995	9.482335e+00	3498
11815		1.722828e+01	17	1.085057e+01	3059	1.296481e+01	3604
11817		6.024410e+00	2305	3.843428e+01	10	6.681908e+00	3970
11823		1.789444e+01	310	1.247916e+01	1906	2.908637e+01	77
11842		4.185411e+01	3	3.311927e+01	34	1.643687e+01	2823
11846		9.039300e+00	607	2.899434e+01	50	7.831419e+00	3124
11852		7.920472e+00	396	1.322777e+01	1012	1.132721e+01	2309
11869		6.489545e+00	3864	2.542754e+01	582	4.636017e+01	58
11871		1.271732e+01	226	9.258498e+00	773	1.039496e+01	1032
11889		2.109168e+01	159	7.224369e+00	3073	6.783345e+00	3683
11893		3.670752e+01	9	1.235016e+01	2349	1.346033e+01	1064
11921		8.943851e+00	218	1.853231e+01	289	1.013080e+01	2471
11931		3.271882e+01	13	3.531118e+01	26	1.019200e+01	1367
11934		4.783123e+01	1	1.123583e+01	3019	1.395730e+01	3014
11951		4.046006e+01	12	1.164118e+01	1483	1.216489e+01	3593
11972		7.764161e+01	1	7.687647e+00	1576	2.448023e+01	87
11993		3.711126e+01	9	8.471388e+00	2732	9.618616e+00	1203
12014		7.793795e+00	712	7.539239e+00	3830	1.309998e+01	3778
12015		2.574696e+01	35	8.452467e+00	2378	8.768914e+00	2253
12024		1.392081e+01	107	1.169634e+01	844	1.216876e+01	1211
12049		4.737952e+01	2	1.086271e+01	4104	1.376458e+01	593
12070		7.435996e+00	187	1.012244e+01	4056	1.574501e+01	600
12072		1.408011e+01	52	1.172759e+01	1073	2.704395e+01	28
12091		6.161564e+01	1	1.378875e+01	4238	1.640913e+01	1779
12102		6.376264e+00	1956	9.193704e+00	261	8.374729e+00	1340
12129		3.542159e+00	4062	3.099584e+01	19	2.881103e+01	20
12137		2.987711e+01	43	1.997530e+01	323	1.526165e+01	3324
12139		7.352433e+01	1	1.327053e+01	656	1.415263e+01	2689
12170		9.869848e+00	235	7.179353e+00	1471	6.386200e+00	4071
12175		1.826916e+01	310	1.266934e+01	3015	1.386962e+01	2976
12188		2.202045e+01	14	1.263001e+01	328	1.193120e+01	1083
12195		6.249933e+01	5	1.559145e+01	1085	1.933617e+01	341
12218		3.431632e+01	8	8.887689e+00	861	8.382014e+00	1507
12219		5.741247e+00	3135	7.800075e+00	3790	1.072101e+01	1248
12234		3.209192e+01	34	6.581191e+00	2595	7.268364e+00	2824
12238		3.358862e+00	1323	4.574779e+00	3412	5.087202e+00	3436
12244		2.673184e+01	19	5.954418e+00	2312	9.281065e+00	1817
12254		1.087803e+01	1158	1.177910e+01	2040	1.262686e+01	4179
12274		3.381620e+01	17	8.157067e+00	2564	1.041198e+01	2768
12284		6.488374e+01	1	6.800959e+00	2946	7.141123e+00	4241
12313		2.769314e+01	33	1.435697e+01	556	1.258035e+01	3611
12319		4.353817e+00	1019	2.752556e+00	2279	1.073026e+01	301
12323		4.277981e+01	6	6.383041e+00	2052	1.397692e+01	3013
12332		8.551151e+00	2544	1.680049e+01	1017	1.214806e+01	757
12336		1.842749e+01	39	1.288307e+01	695	1.324260e+01	926
12346		8.723452e+01	1	8.577857e+00	4288	1.188280e+01	2951
12365		2.503159e+01	17	5.623495e+00	2564	1.278045e+01	1978
12392		2.501910e+01	105	2.734150e+01	56	1.706154e+01	703
12404		9.290480e+00	1174	1.313252e+01	719	1.020354e+01	3771
12408		6.832022e+00	2136	1.022282e+01	1790	1.297245e+01	412
12413		3.650599e+01	12	1.108438e+01	3551	1.832422e+01	275
12424		1.137210e+01	2494	8.491575e+01	1	1.456610e+01	3339
12440		1.151714e+01	255	4.825184e+00	4301	1.468734e+01	168
12463		6.177829e+01	1	1.779829e+01	1617	2.027948e+01	1908
12487		8.851473e+01	1	5.908717e+00	948	1.447678e+01	673
12512		1.190100e+01	210	8.908446e+00	1415	9.914199e+00	1591
12521		4.743507e+01	6	1.540169e+01	535	2.121302e+01	119
12526		1.145110e+00	2582	5.290366e+01	3	3.756699e+00	3785
12536		7.463106e+00	1270	7.917556e+00	2077	1.275689e+01	829
12547		5.247081e+00	1343	1.951166e+01	320	1.713015e+01	252
12549		6.586721e+00	572	2.269989e+01	35	1.079269e+02	1
12558		2.967627e+01	14	1.499211e+01	178	1.478600e+01	483
12559		3.029559e+01	71	1.355569e+01	1902	1.455141e+01	2122
12591		4.435923e+00	333	8.498069e+00	632	6.398678e+00	2326
12596		7.979967e+00	520	1.426730e+01	557	1.003151e+01	3128
12599		4.482019e+01	3	9.982392e+00	919	3.779926e+01	34
12625		4.819511e+01	1	7.708014e+00	3014	1.800933e+01	1387
12632		3.971653e+01	6	1.587142e+01	2534	1.716322e+01	1977
12638		1.948018e+01	395	3.604212e+01	12	1.202760e+01	2958
12652		1.594351e+01	323	1.333199e+01	2696	2.461703e+01	43
12674		7.895674e+00	313	8.422143e+00	2657	9.539021e+00	3292
12684		1.422117e+01	58	1.558509e+01	308	1.053642e+01	2870
12689		2.587494e+01	18	3.116485e+01	13	8.996781e+00	2363
12690		4.225894e+00	4284	1.328421e+01	346	1.416644e+01	338
12692		9.618422e+00	109	9.493113e+00	346	1.036966e+01	2218
12718		2.750346e+01	11	5.886333e+00	2817	1.007827e+01	1334
12724		3.421119e+01	14	5.740210e+00	2414	1.166869e+01	274
12736		3.105294e+01	18	1.813169e+01	192	1.221457e+01	2516
12741		7.803645e+00	374	9.874126e+00	3460	1.181520e+01	1385
12772		3.217054e+01	12	9.205478e+00	3538	2.241184e+01	39
12784		4.477412e+01	2	8.226563e+00	608	1.019029e+01	2311
12808		8.198932e+00	2256	1.046969e+01	1328	1.024388e+01	1623
12811		1.402677e+01	323	1.668320e+01	2696	2.765980e+01	43
12824		3.899410e+00	712	8.582794e+00	2595	1.008120e+01	3830
12825		8.394282e+00	270	1.577344e+01	232	2.099128e+01	72
12836		2.340293e+01	43	7.832846e+00	2696	4.208161e+01	12
12841		8.811888e+01	1	7.256773e+00	3634	8.388754e+00	2259
12846		2.521749e+01	87	2.849787e+01	69	1.241007e+01	1061
12863		1.997122e+01	153	1.278283e+01	692	1.159829e+01	2497
12868		5.018639e+00	253	8.584075e+00	1178	8.452331e+00	2376
12879		2.424267e+01	150	1.001118e+01	674	3.905969e+01	4
12897		1.776857e+01	39	3.657949e+01	12	2.152623e+01	173
12907		6.191334e+01	3	1.287355e+01	860	1.302258e+01	4078
12910		3.773165e+01	9	1.130102e+01	2138	2.059579e+01	165
12911		5.844943e+01	19	3.266289e+01	102	2.250340e+01	230
12916		7.901025e+00	1191	3.017462e+01	40	1.218280e+01	599
12961		1.318713e+01	526	7.449661e+01	5	1.241611e+01	1809
12970		4.181141e+01	2	7.294776e+00	4021	1.536655e+01	269
13000		6.953801e+00	198	7.320996e+00	3668	2.177725e+01	65
13022		4.549313e+01	7	9.816093e+00	1194	1.146514e+01	3994
13025		6.077641e+00	4065	4.443386e+01	7	1.362026e+01	422
13026		4.871092e+01	2	1.170972e+01	2909	1.682752e+01	359
13027		5.198364e+01	12	7.330927e+00	498	2.720981e+01	323
13042		4.726967e+01	1	1.421497e+01	3484	2.557817e+01	223
13051		1.918594e+01	17	9.842652e+00	1915	1.523169e+01	735
13099		7.724203e+00	1368	1.146608e+01	1574	9.690277e+00	4187
13100		1.247802e+01	504	1.355479e+01	1017	2.044427e+01	367
13113		2.497063e+01	9	6.213176e+00	2708	1.409506e+01	2963
13118		9.425161e+00	627	9.310683e+00	1668	1.376589e+01	1412
13142		6.513497e+00	1045	7.635017e+00	2267	7.508094e+00	2397
13154		6.707986e+00	939	9.816007e+00	2651	1.032797e+01	1145
13192		2.507836e+01	39	1.074657e+01	926	1.698180e+01	1230
13196		6.980071e+00	595	1.464241e+01	97	2.562739e+01	18
13201		5.072505e+01	5	1.748708e+01	1297	1.736171e+01	1625
13230		5.788315e+01	1	1.034584e+01	1908	1.540874e+01	2529
13240		3.937990e+01	6	1.884462e+01	55	1.426981e+01	3070
13276		1.715194e+01	22	1.789804e+01	1003	2.712796e+01	84
13291		1.113835e+01	86	6.533621e+00	3242	1.451427e+01	235
13293		1.902048e+01	35	1.055994e+01	312	1.910981e+01	317
13335		2.571447e+01	22	1.033125e+01	634	1.038062e+01	818
13347		3.196541e+01	41	2.039439e+01	120	2.678780e+01	385
13361		2.368996e+00	3403	5.443857e+00	3402	5.947409e+00	3415
13375		1.509158e+01	71	6.079857e+00	1657	1.230374e+01	1226
13377		3.556979e+00	1513	6.802765e+00	612	1.150575e+01	2726
13398		5.062627e+01	3	1.376677e+01	1340	1.530251e+01	708
13405		1.041230e+01	342	2.518563e+01	13	8.730366e+00	2698
13414		5.642537e+01	5	6.862729e+00	1085	2.155855e+01	251
13426		5.441525e+00	2029	9.507728e+00	2662	1.078089e+01	3307
13427		6.590625e+00	3450	7.583503e+00	3476	1.293653e+01	1152
13436		2.100746e+01	25	8.895800e+00	1630	1.021892e+01	2081
13439		8.928385e+00	1051	1.427581e+01	222	1.289188e+01	2706
13442		2.958580e+01	27	1.572085e+01	398	2.131355e+01	188
13456		1.154205e+01	2913	1.449623e+01	1223	1.818057e+01	1115
13461		2.134737e+01	25	1.189559e+01	813	8.894695e+00	2845
13483		2.607333e+01	57	7.907882e+00	1668	1.209212e+01	1412
13487		6.742557e+01	4	1.333241e+01	856	1.712712e+01	591
13497		8.603844e+00	195	2.441332e+01	65	1.123208e+01	1798
13528		6.917213e+00	672	1.209299e+01	212	1.091110e+01	429
13558		2.409562e+01	9	6.381503e+00	3429	6.687588e+00	3428
13559		5.527776e+00	3841	7.518403e+00	3147	1.354014e+01	355
13594		3.077178e+01	4	1.967150e+01	2585	2.237439e+01	1376
13597		1.445388e+01	520	1.483972e+01	557	1.284163e+01	537
13622		3.219800e+01	7	1.025380e+01	1103	9.633940e+00	1651
13638		1.429491e+01	196	8.200191e+00	2522	1.216175e+01	1258
13686		1.596048e+01	103	6.443159e+01	3	1.276865e+01	1268
13688		1.445105e+01	83	6.330693e+00	1800	8.496494e+00	2790
13695		6.957009e+01	1	1.369794e+01	4176	1.383235e+01	2947
13713		8.793694e+00	1125	1.350336e+01	184	9.612108e+00	3501
13715		1.750300e+01	51	1.569088e+01	146	1.650075e+01	500
13717		1.586270e+01	118	3.602976e+01	8	1.223862e+01	2891
13718		1.314937e+01	1960	1.340554e+01	867	3.629329e+01	15
13720		4.592286e+01	4	2.173826e+01	139	2.787143e+01	78
13745		4.478585e+00	3220	4.774550e+01	3	2.084473e+01	263
13756		2.562014e+00	1007	8.041791e+00	2951	1.234628e+01	878
13773		5.231113e+00	1008	1.482029e+01	330	1.238969e+01	606
13776		2.513095e+01	21	1.924972e+01	73	2.576744e+01	42
13777		5.730769e+01	5	1.470617e+01	2288	1.404551e+01	3183
13787		4.019634e+01	5	4.981587e+00	2075	1.207643e+01	3812
13788		4.549851e+01	7	4.830946e+01	9	1.675463e+01	767
13817		6.652577e+01	3	1.574935e+01	145	1.763286e+01	162
13828		5.277799e+00	2627	8.682783e+00	1449	3.134612e+01	38
13832		1.850253e+01	50	8.824493e+00	2070	1.340231e+01	388
13847		4.606197e+00	659	4.666294e+00	2686	9.297196e+00	1147
13851		4.237439e+00	2619	6.689261e+00	1601	6.935038e+00	3907
13863		9.639883e+00	370	6.238015e+00	2248	6.426158e+00	3045
13870		8.395053e+00	994	7.522514e+00	1370	1.026238e+01	1132
13873		1.956073e+01	53	2.324380e+01	83	8.959141e+00	2797
13875		1.543788e+01	73	5.712470e+00	1927	9.864587e+00	1139
13889		8.679491e+00	2914	1.425013e+01	2913	1.644219e+01	1885
13891		5.943191e+01	1	1.600517e+01	879	1.393118e+01	1030
13905		1.083029e+02	1	4.899534e+01	5	1.288166e+01	1330
13908		2.610289e+01	24	8.011686e+00	2784	1.482418e+01	2774
13918		3.163894e+01	91	1.685638e+01	1368	3.874504e+01	43
13924		2.078659e+01	135	1.658603e+01	497	1.431563e+01	1131
13933		6.392479e+00	1140	4.451665e+00	1210	5.775665e+01	3
13942		3.914721e+01	15	7.894310e+00	998	2.644005e+01	28
13990		6.733670e+00	2661	1.612758e+01	322	1.238387e+01	1399
14006		2.909910e+01	6	1.287192e+01	2538	1.628616e+01	3002
14008		2.765958e+00	3609	9.081706e+00	253	8.866067e+00	1077
14039		8.271001e+00	1272	3.930352e+01	25	1.266964e+01	479
14044		1.735726e+01	192	8.627009e+00	2500	2.327855e+01	200
14067		4.115903e+01	8	2.645849e+01	118	1.785680e+01	4228
14068		5.800305e+00	3021	8.816119e+00	3533	2.531603e+01	35
14082		3.832172e+00	4241	6.636929e+01	1	6.951619e+00	2211
14093		2.166650e+01	18	1.913306e+01	200	2.077748e+01	192
14099		4.673804e+01	5	1.790704e+01	384	2.907594e+01	84
14107		4.370382e+01	6	5.409984e+00	3458	8.334456e+00	2997
14136		6.931229e+00	1925	2.228542e+01	107	9.836319e+00	2381
14138		3.258657e+01	3	3.191427e+01	94	2.428666e+01	1216
14145		6.747451e+00	4304	7.926636e+00	4315	1.393614e+01	525
14151		7.084090e+01	1	8.429744e+00	1409	3.338276e+01	17
14161		5.066275e+01	7	8.284523e+00	2221	9.159521e+00	2945
14165		5.329271e+01	3	1.965289e+01	203	1.149319e+01	3116
14171		5.113701e+00	1629	2.340222e+01	270	2.609944e+01	72
14180		6.149391e+01	1	1.915271e+01	95	4.037652e+01	6
14236		9.114097e+00	4093	9.139523e+00	2651	1.460126e+01	1195
14238		7.853837e+00	1042	6.393802e+01	1	1.160456e+01	1914
14254		7.199973e+00	2011	7.627681e+00	3942	1.140507e+01	882
14258		4.276272e+00	911	5.430008e+01	1	1.921864e+01	558
14265		4.111795e+00	579	8.779421e+00	1099	1.096661e+01	289
14311		4.643081e+01	2	1.755118e+01	175	1.490617e+01	3926
14313		8.129381e+00	1681	1.228145e+01	545	1.049873e+01	1070
14319		2.047415e+01	17	9.921697e+00	2564	1.069610e+01	3651
14325		1.752363e+01	66	8.219529e+00	813	8.407156e+00	2177
14349		5.768557e+00	2213	2.788807e+01	56	8.966906e+00	4225
14357		1.366473e+01	95	5.522390e+01	6	6.690191e+01	1
14372		1.359164e+01	31	1.029786e+01	3996	1.256409e+01	3947
14377		8.310809e+00	1548	1.954283e+01	65	9.370714e+00	3625
14380		8.017247e+00	160	8.293838e+00	873	1.226905e+01	214
14383		5.236306e+00	720	1.228385e+01	154	7.846094e+00	900
14384		1.627945e+01	219	1.019628e+01	960	1.137083e+01	2958
14391		4.336927e+00	1581	3.026697e+00	2242	3.090916e+01	17
14400		5.976832e+00	675	6.099207e+00	1618	6.019592e+00	1579
14405		6.649454e+01	1	8.152421e+00	2269	1.476997e+01	2384
14424		6.308141e+00	4112	5.829876e+01	8	1.116029e+01	4087
14431		4.521467e+01	3	1.690372e+01	2087	1.866840e+01	1378
14445		1.322319e+00	2211	3.317131e+01	8	6.972341e+01	1
14449		8.856904e+00	272	1.056453e+01	1002	9.622400e+00	1435
14455		2.520526e+00	924	1.412733e+01	316	2.641599e+01	89
14456		3.141119e+01	28	2.368473e+01	52	2.299655e+01	43
14497		9.865661e+00	1633	9.376847e+00	3910	2.465789e+01	113
14525		7.871315e+00	537	4.852591e+00	3820	5.603994e+00	1939
14548		5.253594e+01	3	1.465951e+01	467	1.139796e+01	1679
14560		5.217700e+01	4	1.173544e+01	218	3.468251e+01	136
14580		5.562628e+00	606	9.356865e+00	1008	7.380925e+00	3048
14607		8.379400e+00	2650	1.906675e+01	492	1.661913e+01	921
14619		9.987069e+00	176	1.029845e+01	2453	1.372177e+01	2449
14624		1.937770e+01	41	7.114042e+00	3909	1.110689e+01	1447
14639		5.947020e+00	2805	1.507587e+01	190	3.074778e+01	14
14659		4.644917e+01	12	1.588844e+01	173	1.749558e+01	1547
14675		1.245028e+01	412	3.188176e+01	44	1.744379e+01	1326
14695		2.802346e+01	9	2.017809e+01	824	1.898629e+01	2708
14700		2.924710e+00	3213	5.776146e+00	855	7.783269e+00	585
14709		9.552582e+00	330	4.884691e+00	3467	3.079213e+01	74
14711		7.986707e+01	1	1.441599e+01	1409	1.994185e+01	836
14717		1.134648e+01	153	8.307460e+00	1167	1.109261e+01	2509
14726		3.148990e+01	16	2.148474e+01	83	2.347389e+01	44
14766		1.612255e+01	70	1.475747e+01	892	1.397733e+01	1694
14801		1.768403e+01	101	1.511843e+01	159	8.575272e+00	2777
14805		1.843405e+01	68	6.408809e+00	1859	1.121683e+01	625
14814		2.896399e+01	53	5.900264e+01	2	2.100489e+01	232
14817		9.044212e+01	1	9.196542e+00	4116	1.394936e+01	652
14857		6.434795e+00	1526	9.937578e+00	138	3.271141e+01	50
14861		1.093345e+01	429	2.777262e+01	33	1.608051e+01	903
14883		8.559295e+00	4050	1.522558e+01	1255	1.725796e+01	686
14884		1.836720e+01	61	1.516978e+01	2166	4.020186e+01	65
14900		1.720459e+01	307	1.807890e+01	504	1.387512e+01	1923
14926		7.164481e+00	3495	9.833383e+00	1615	1.149592e+01	2133
14930		1.289531e+01	263	8.624984e+00	3903	4.577341e+01	3
14951		9.519144e+00	195	6.174752e+00	1932	1.306626e+01	336
14952		3.112733e+01	12	1.355786e+01	327	1.321156e+01	2057
14957		6.781937e+00	1439	8.485724e+00	3842	1.322839e+01	523
14970		1.429568e+01	45	1.337642e+01	221	1.678250e+01	1241
14973		7.692122e+00	1128	1.178908e+01	642	2.668975e+01	25
14992		1.271884e+01	663	1.741359e+01	357	1.359752e+01	2209
15012		5.793525e+00	740	1.361871e+01	319	1.036484e+01	1778
15014		1.305644e+01	102	1.616074e+01	614	1.343955e+01	4083
15017		1.535975e+01	41	3.322033e+01	11	1.160371e+01	385
15022		2.368495e+01	26	1.054934e+01	403	8.636861e+00	4144
15028		1.810300e+01	31	2.016549e+00	3887	9.838807e+00	1121
15043		1.514599e+01	76	5.017888e+00	1181	1.389195e+01	501
15053		5.199291e+01	1	2.051171e+01	1205	2.110582e+01	902
15066		1.566950e+01	456	1.311718e+01	1910	2.708712e+01	21
15070		2.902658e+01	48	1.865489e+01	59	9.001482e+00	1478
15072		2.181425e+01	56	8.346026e+00	2493	1.696770e+01	225
15075		5.244126e+00	2267	8.732747e+00	843	7.748111e+00	2397
15089		7.650002e+00	196	1.287293e+01	223	1.172715e+01	1029
15137		4.212896e+01	4	1.348905e+01	955	1.246660e+01	2830
15159		1.013346e+01	535	1.342771e+01	119	1.330005e+01	409
15171		1.449825e+01	125	4.136868e+01	16	2.850254e+01	50
15183		2.701548e+01	51	2.572026e+01	124	1.682707e+01	1843
15206		2.985624e+00	1546	2.500045e+01	143	9.213433e+00	1309
15240		1.126909e+01	969	1.081538e+01	246	1.958472e+01	243
15255		1.044363e+01	459	6.855745e+00	3834	6.990631e+00	3828
15264		3.563781e+01	7	1.162394e+01	1273	1.914800e+01	202
15270		1.870559e+01	318	7.540557e+00	1683	1.740973e+01	238
15319		2.751498e+01	13	2.282782e+01	18	1.164680e+01	1971
15368		3.016921e+00	937	1.348423e+01	201	7.158435e+00	2163
15380		1.046472e+01	153	9.820716e+00	2497	1.030957e+01	2502
15429		5.080527e+01	6	7.446863e+00	3013	1.456260e+01	275
15434		1.164855e+01	123	1.209365e+01	362	2.355259e+01	96
15440		8.408460e+00	4077	3.673749e+01	15	1.662610e+01	2323
15448		8.530961e+00	2897	1.258595e+01	3278	1.881958e+01	383
15456		4.791580e+00	549	9.385516e+00	1346	9.896784e+00	2694
15458		6.233268e+00	1667	1.321512e+01	825	7.108527e+01	1
15465		3.681044e+01	25	1.324705e+01	479	1.025085e+01	1272
15481		3.420960e+01	8	1.751504e+01	227	1.052210e+01	4091
15518		6.310414e+00	234	2.191273e+01	25	1.281730e+01	432
15525		1.849823e+01	47	1.385026e+01	143	1.252007e+01	1740
15537		1.289157e+01	51	4.352799e+00	2239	7.874902e+00	1845
15539		1.360382e+01	63	1.121745e+01	2389	5.781127e+01	5
15546		8.446276e+00	982	8.692874e+00	1952	9.905367e+00	3247
15556		6.890146e+01	1	9.261231e+00	1042	2.409267e+01	165
15623		4.597425e+00	3534	6.277937e+00	2057	3.605307e+01	12
15636		2.208395e+01	52	1.254322e+01	648	2.525422e+01	54
15642		8.727298e+00	1034	9.747882e+00	642	6.881996e+00	3767
15661		1.471667e+01	46	1.303830e+01	1149	1.489830e+01	295
15688		1.837486e+01	74	7.382412e+00	1150	7.294557e+00	4264
15695		1.071967e+01	3428	3.368495e+01	9	1.403112e+01	3417
15736		5.266004e+01	19	7.487466e+00	1607	1.102053e+01	1773
15829		3.474366e+00	1253	1.869830e+01	78	1.109493e+01	1875
15870		1.114857e+01	267	1.042027e+01	275	1.242469e+01	1179
15900		2.578889e+01	26	9.475373e+00	4161	1.761319e+01	333
15906		6.210209e+00	895	7.334610e+00	3260	1.971091e+01	265
15910		4.748334e+01	14	1.350879e+01	274	9.160786e+00	2421
15934		3.691364e+00	3845	9.121072e+00	744	6.488903e+00	3163
15943		2.767433e+01	140	1.693061e+01	340	4.749026e+01	23
16039		3.098740e+01	10	1.712705e+01	356	1.061139e+01	3208
16055		7.706375e+00	1198	8.415727e+00	2479	9.480022e+00	1687
16098		2.312220e+00	1499	2.101711e+01	38	7.164335e+00	1098
16109		1.156593e+01	258	1.147725e+01	1622	1.494640e+01	627
16110		8.872935e+01	1	1.242871e+01	1571	1.673043e+01	261
16157		2.394123e+00	1880	2.920445e+01	15	3.216695e+01	31
16174		2.278154e+01	17	7.931611e+00	3651	1.100033e+01	2564
16197		8.799188e+01	1	1.055798e+01	841	1.110000e+01	891
16198		3.625955e+01	3	1.023701e+01	3843	2.172223e+01	540
16203		5.370790e+01	7	4.944868e+01	19	1.211080e+01	2321
16222		1.191211e+01	162	1.330927e+01	392	1.010564e+01	2612
16245		6.415630e+00	708	5.517783e+01	3	9.202118e+00	1340
16250		1.420799e+01	90	3.528221e+01	8	7.624425e+00	4111
16258		6.782539e+00	152	1.111060e+01	1985	1.509953e+01	805
16269		6.093182e+01	1	2.038270e+01	95	4.233686e+01	6
16301		8.050706e+01	1	1.939351e+01	82	1.074351e+01	2762
16315		1.509115e+01	49	1.146961e+01	1692	2.213044e+01	59
16352		1.538352e+01	205	1.208105e+01	714	1.050890e+01	4303
16353		1.255341e+01	287	7.587568e+00	2271	8.199972e+00	3102
16362		6.008891e+01	5	8.645191e+00	624	2.556456e+01	80
16396		7.822756e+01	3	1.277797e+01	860	1.404183e+01	1157
16417		1.396411e+01	1620	3.582308e+01	47	3.844317e+01	17
16430		2.068434e+01	31	2.087160e+01	15	1.025925e+01	3996
16434		1.184056e+01	431	1.621925e+01	1067	3.356285e+01	35
16451		8.591025e+00	246	1.224005e+01	467	2.645219e+01	31
16452		8.452792e+00	419	1.051973e+01	1523	8.191067e+00	3798
16453		1.410096e+01	70	5.056574e+00	4268	1.209419e+01	877
16454		6.693634e+01	1	8.615326e+00	2269	1.631391e+01	364
16465		3.006889e+00	2914	6.579835e+00	1645	8.802999e+00	4146
16494		5.539560e+00	322	4.319119e+00	4147	8.237494e+00	1575
16495		2.129993e+01	22	1.100275e+01	818	1.088787e+01	3152
16552		1.788707e+01	153	1.024716e+01	1902	2.776212e+01	71
16561		2.345368e+01	35	2.146349e+01	82	1.304549e+01	1177
16570		3.806370e+01	23	1.267116e+01	3489	1.415385e+01	3477
16574		1.578774e+01	140	5.217746e+00	3571	2.497094e+01	33
16597		4.807666e+00	1314	1.289813e+01	177	1.328217e+01	1060
16602		5.230317e+01	1	4.061749e+00	2512	1.103626e+01	1258
16610		1.812013e+01	254	1.656136e+01	760	1.237801e+01	3985
16616		4.254200e+01	4	9.420565e+00	3151	2.615532e+01	61
16624		5.058157e+01	4	1.656675e+01	111	1.113518e+01	956
16635		3.770289e+01	7	5.941009e+00	4196	2.216659e+01	49
16637		4.358206e+00	1544	6.422240e+00	2713	1.518236e+01	897
16647		1.117767e+01	297	9.848355e+00	213	7.084892e+00	2763
16658		1.811025e+01	21	2.160462e+01	3568	2.290259e+01	2727
16664		1.160899e+01	311	6.417451e+00	3474	9.676567e+00	777
16673		5.084878e+01	6	9.958519e+00	1260	4.796181e+01	12
16691		8.948024e+00	712	1.260829e+01	2824	1.442775e+01	3119
16714		8.269411e+00	154	3.052582e+01	37	1.181150e+01	1006
16741		2.766074e+01	20	8.055248e+00	2337	1.609792e+01	197
16754		8.564830e+00	1366	1.667669e+01	285	1.671131e+01	240
16761		1.280974e+01	123	3.701651e+00	2439	8.685721e+00	362
16762		2.342883e+01	13	8.107695e+00	194	9.459855e+00	2217
16789		9.701141e+00	177	1.381866e+01	160	9.466626e+00	873
16792		4.842860e+01	4	1.177614e+01	1175	1.505517e+01	1602
16814		1.206481e+01	1980	5.641192e+01	5	1.657873e+01	1584
16824		4.344443e+01	5	1.003111e+02	1	1.454673e+01	3751
16835		2.134974e+01	56	1.373574e+01	390	1.658766e+01	154
16845		9.644589e+00	669	1.824974e+01	361	1.249277e+01	2336
16876		8.028187e+01	1	1.106875e+01	1967	1.459575e+01	1890
16880		6.248937e+00	367	6.741816e+00	1582	1.307080e+01	1324
16881		1.944451e+01	73	6.230854e+00	3710	8.267577e+00	2256
16924		1.048425e+01	138	1.107699e+01	1675	1.201750e+01	2172
16931		5.365575e+00	1357	6.015874e+00	2606	7.066730e+00	1871
16960		1.536130e+01	194	3.105266e+01	13	1.568734e+01	161
16986		3.272912e+00	1231	2.888563e+00	1865	1.632324e+01	201
16999		1.899984e+01	25	8.436713e+00	293	2.138913e+01	66
17042		9.306153e+00	422	9.960722e+00	1454	2.198640e+01	400
17050		5.066947e+01	5	6.631437e+00	3779	8.569572e+00	1803
17054		1.880218e+01	24	8.517971e+00	1058	2.810228e+01	42
17078		2.009707e+01	48	1.361488e+01	670	1.226798e+01	2337
17082		5.046502e+00	1186	3.251474e+01	40	1.189476e+01	147
17094		3.109544e+00	1570	1.042437e+01	477	9.455354e+00	2323
17107		1.830013e+01	132	4.207829e+00	3396	1.740375e+01	1188
17138		1.025588e+01	1745	3.080678e+01	24	1.478044e+01	220
17223		1.293898e+01	143	1.903540e+01	47	2.801424e+01	51
17231		3.989859e+00	1776	1.270391e+01	135	1.697080e+01	172
17238		2.361222e+01	165	2.559989e+01	156	4.670499e+01	9
17246		7.893401e+00	330	7.011662e+00	3467	1.414913e+01	1406
17255		4.736956e+01	3	1.692857e+01	164	1.103045e+01	1129
17317		1.171262e+01	2360	1.101462e+01	2238	4.490603e+01	18
17321		6.653529e+01	2	2.377267e+01	139	1.512705e+01	526
17371		1.898702e+01	18	8.633171e+00	3487	1.117911e+01	1911
17376		1.544996e+01	130	1.461661e+01	67	1.533963e+01	754
17395		1.023315e+01	59	3.450910e+01	48	1.880106e+01	638
17423		8.671213e+00	3204	3.129966e+01	11	2.671239e+01	298
17428		1.078602e+01	2299	3.013590e+01	58	1.941705e+01	629
17477		9.785312e+00	182	4.709243e+00	3191	2.293754e+01	32
17479		1.975803e+01	90	1.000516e+01	678	1.176707e+01	1162
17497		2.280064e+00	2328	7.200203e+00	839	7.973486e+00	658
17522		3.199189e+00	4015	8.723517e+00	894	5.575092e+00	1255
17526		6.847206e+00	2003	1.083056e+01	990	1.008795e+01	2083
17532		6.334319e+00	384	5.189883e+01	5	1.023030e+01	1803
17535		1.606006e+01	323	1.156132e+01	2696	2.499752e+01	43
17537		5.716926e+00	240	5.642104e+00	4203	7.388785e+00	1833
17538		5.137424e+00	3748	9.129742e+00	2796	1.119980e+01	1554
17564		5.595577e+01	2	1.726877e+01	175	1.471956e+01	1284
17583		9.019367e+00	2124	3.451251e+01	49	1.970457e+01	397
17606		1.372827e+01	103	1.197447e+01	851	1.222770e+01	1268
17706		1.448927e+01	78	4.197604e+01	4	1.361909e+01	2849
17757		5.613067e+00	2507	8.353672e+00	1690	8.859989e+00	3391
17788		1.298935e+01	3895	1.273650e+01	3942	1.421070e+01	2437
17790		1.294818e+01	492	8.650821e+00	921	1.546852e+01	241
17805		5.996883e+01	3	1.438672e+01	1438	3.960416e+01	34
17819		7.667148e+01	1	1.815281e+01	2155	3.107234e+01	55
17843		2.928470e+01	23	6.429670e+00	2765	1.010557e+01	1850
17862		2.750902e+00	3265	1.087246e+01	372	1.414215e+01	592
17875		6.724238e+01	5	7.329633e+00	2838	9.562824e+00	1809
17890		4.002871e+01	6	1.795882e+01	55	1.282548e+01	3070
17901		5.086194e+01	3	6.252176e+00	1362	1.150545e+01	708
17912		1.564662e+01	613	9.363798e+00	2839	2.472758e+01	61
17942		1.423062e+01	153	3.027740e+01	74	1.257373e+01	1021
17969		7.695493e+00	541	8.046045e+00	3000	1.054279e+01	2728
17976		6.856236e+00	1123	1.797900e+01	254	4.362231e+01	15
18017		1.774375e+01	94	1.300004e+01	117	7.878929e+00	1216
18018		6.952117e+00	1148	2.016969e+01	108	9.395575e+00	3354
18086		2.480380e+01	14	1.206075e+01	483	4.865988e+01	2
18101		2.661006e+01	33	2.892258e+01	51	1.939461e+01	140
18144		2.986979e+01	13	1.140497e+01	1367	2.161753e+01	194
18195		9.979231e+00	218	1.208630e+01	2471	2.160830e+01	289
18196		1.809850e+01	31	1.070070e+01	1121	8.126954e+00	3947
18198		9.436863e+00	4153	1.343906e+01	474	4.563026e+01	26
18207		8.438332e+00	648	2.163426e+01	54	2.069433e+01	52
18208		2.196239e+01	89	7.161015e+00	3024	2.667888e+01	77
18209		6.288816e+00	1237	7.186671e+01	5	1.095209e+01	766
18234		1.256957e+01	169	1.078429e+01	317	1.845662e+01	77
18295		2.752109e+01	9	7.716896e+00	961	1.153514e+01	641
18382		4.981651e+01	2	7.583923e+00	3181	1.358131e+01	2079
18391		1.623986e+01	146	7.148350e+00	1126	1.596155e+01	556
18416		1.685718e+01	44	1.870068e+01	114	1.804392e+01	430
18423		1.950776e+01	613	1.407177e+01	1531	2.430724e+01	239
18444		1.580060e+01	21	1.840901e+01	3080	2.041071e+01	1353
18446		9.964364e+00	113	5.982445e+00	3175	3.274715e+01	11
18465		5.091167e+01	1	7.978770e+00	2737	1.673624e+01	417
18469		1.232435e+01	221	2.386830e+01	45	9.474226e+00	3321
18527		7.721200e+00	481	2.910475e+01	19	5.318135e+00	2899
18530		8.677389e+00	208	1.737857e+01	69	8.452596e+00	2908
18550		3.140255e+01	44	3.033363e+01	104	1.713506e+01	3590
18572		5.595988e+00	973	3.945282e+01	12	5.513358e+00	2971
18575		1.452574e+01	89	2.100555e+01	77	1.541097e+01	437
18597		5.003980e+01	3	1.442039e+01	2573	1.883908e+01	166
18614		6.253868e+00	572	2.367067e+01	35	1.827735e+01	352
18682		2.448922e+01	298	3.336281e+01	11	1.342581e+01	3204
18685		7.388436e+00	3977	5.076167e+01	4	2.423165e+01	78
18686		4.837119e+01	3	2.366989e+01	38	1.219333e+01	2423
18706		1.149053e+01	3790	1.469001e+01	1248	1.581342e+01	1417
18711		5.207245e+01	2	8.325984e+00	999	1.099290e+01	4129
18715		5.026149e+00	1008	1.275150e+01	330	9.996869e+00	606
18769		1.507362e+01	92	1.711944e+01	187	1.166382e+01	4018
18784		1.149686e+01	3544	1.425547e+01	1664	3.075595e+01	21
18801		3.219441e+00	2578	4.131474e+01	34	6.979353e+00	1413
18804		1.656021e+01	47	6.757575e+00	2519	9.136232e+00	1323
18826		3.561373e+01	8	6.799955e+00	4173	1.013741e+01	1830
18830		1.506256e+01	148	2.513544e+01	105	1.517090e+01	1838
18831		1.031080e+01	261	6.961491e+00	2198	6.154941e+00	3299
18843		1.508055e+01	122	9.990111e+00	889	1.949206e+01	79
18847		2.704201e+00	2540	1.185859e+01	367	7.846206e+00	2544
18855		2.167543e+01	38	9.491559e+00	1990	1.972690e+01	210
18888		9.784631e+00	153	1.741510e+01	137	3.037687e+01	74
18952		1.139613e+01	73	8.551582e+00	1857	2.168783e+01	88
18982		1.175131e+01	230	1.769125e+01	102	1.186227e+01	1254
18997		2.974883e+01	38	1.865522e+01	126	1.602349e+01	1010
18999		1.856116e+01	712	1.449167e+01	2419	1.535313e+01	1096
19004		1.733099e+01	207	1.157517e+01	753	8.668882e+00	3113
19025		5.722019e+00	338	1.401087e+01	346	1.051690e+01	1458
19036		7.649550e+00	4050	1.642524e+01	927	1.556355e+01	3286
19052		1.900388e+01	69	4.062556e+01	20	9.802504e+00	4167
19056		9.616802e+00	195	1.747708e+01	336	8.155216e+00	3758
19064		3.822937e+00	3983	4.096243e+00	2629	3.582526e+01	2
19071		2.167894e+01	14	1.499897e+01	1528	1.436065e+01	2828
19078		1.919262e+01	35	7.232959e+00	2562	1.119177e+01	352
19099		1.170373e+01	200	1.500046e+01	192	1.217035e+01	2500
19116		6.723016e+01	3	8.966177e+00	1300	1.345631e+01	2618
19133		5.734916e+01	3	7.403060e+00	4002	1.205870e+01	2877
19139		2.416019e+01	44	5.248221e+01	16	1.524783e+01	1326
19146		1.286888e+01	288	1.282274e+01	985	8.714056e+00	1654
19151		1.178774e+01	2059	5.344654e+01	12	1.457109e+01	1017
19192		3.663343e+01	43	1.835169e+01	1368	1.750046e+01	2205
19201		1.016171e+01	2586	1.076594e+01	3802	2.656200e+01	85
19205		5.501500e+00	670	8.979681e+00	1478	3.363715e+01	48
19211		3.906367e+00	1981	6.070453e+00	1924	7.816686e+00	1854
19215		5.947324e+00	467	7.178905e+00	969	1.376495e+01	246
19242		1.678378e+01	279	1.227182e+01	1599	1.247402e+01	1998
19246		1.939567e+01	13	1.184860e+01	3387	1.915401e+01	194
19298		2.569230e+01	34	2.180968e+01	112	4.818684e+01	3
19339		3.664080e+01	8	1.426069e+01	4027	3.177410e+01	20
19381		6.986746e+01	5	1.416740e+01	1085	2.404587e+01	136
19388		1.788354e+01	47	6.867592e+00	2730	4.506668e+01	12
19432		4.779256e+01	14	5.566648e+01	12	1.297043e+01	3593
19458		3.590981e+01	7	3.408695e+00	4196	2.040637e+01	49
19467		1.006516e+01	3378	1.980962e+01	144	1.013515e+01	2508
19473		2.902942e+01	37	2.014432e+01	154	1.321963e+01	2904
19494		1.073380e+00	2428	6.030811e+00	3841	5.253219e+01	2
19512		3.189695e+01	65	2.509053e+01	76	9.721113e+00	1209
19537		9.602648e+00	3564	1.073592e+01	3057	2.888071e+01	36
19542		9.685173e+00	1537	6.649433e+01	19	1.538303e+01	895
19565		1.073545e+01	333	3.558482e+01	15	1.008435e+01	2326
19604		1.113049e+01	196	4.123988e+01	6	1.699253e+01	337
19622		2.088661e+01	61	1.907710e+01	145	9.405520e+00	2822
19627		9.952652e+00	960	1.040111e+01	510	1.125517e+01	511
19637		2.686093e+00	3154	3.604945e+01	14	6.775702e+00	2593
19647		4.014939e+01	7	7.039594e+00	4201	1.863644e+01	131
19655		1.070521e+01	100	9.957720e+00	2232	1.801153e+01	249
19658		9.102238e-01	4196	3.556122e+01	7	2.251978e+01	49
19663		9.918401e+00	1378	5.466832e+01	3	1.012607e+01	3959
19725		1.418325e+01	3107	1.818220e+01	761	4.340563e+01	36
19740		5.761707e+01	4	1.367849e+01	239	1.050146e+01	3939
19769		5.790764e+01	1	4.345119e+00	3550	8.661047e+00	1583
19805		1.944431e+01	55	9.371105e+00	3734	8.442099e+00	2398
19846		3.647969e+01	12	1.013564e+01	3614	1.276776e+01	1663
19893		5.074228e+01	3	1.693306e+01	540	1.407130e+01	3116
19915		4.484207e+00	1540	1.219436e+01	202	6.078260e+00	3283
19935		1.221975e+01	1466	1.374294e+01	3814	1.551027e+01	1866
19945		3.227789e+01	28	2.256023e+01	43	2.689130e+01	52
19947		1.083877e+01	45	1.677119e+01	221	2.369488e+01	1364
20031		3.387987e+00	2766	2.993966e+01	36	7.597625e+00	2380
20033		1.247142e+01	44	1.404276e+01	1664	4.217693e+01	16
20054		5.130262e+01	2	1.294126e+01	347	1.436074e+01	1219
20055		3.179444e+00	1379	5.693715e+00	2880	7.684138e+00	1013
20070		1.441093e+01	431	1.331844e+01	2253	3.349915e+01	35
20131		3.475570e+01	6	2.065539e+01	223	1.656389e+01	196
20178		4.563078e+01	4	1.472253e+01	331	1.504008e+01	1603
20197		1.139000e+01	374	4.496475e+01	36	1.425150e+01	3540
20229		2.433787e+01	21	2.103829e+01	16	2.844909e+01	42
20232		2.480980e+01	176	5.945817e+00	2642	9.168486e+00	3246
20255		1.346072e+01	644	9.435569e+00	3641	1.202017e+01	930
20286		3.735250e+01	8	1.218276e+01	227	9.319830e+00	2341
20301		4.412395e+01	15	1.334791e+01	360	3.159965e+01	28
20338		4.996876e+00	1969	1.403956e+01	339	1.156278e+01	1027
20342		3.269843e+00	862	2.143158e+00	3569	3.511706e+00	3560
20344		4.137798e+01	8	3.433608e+01	20	1.243230e+01	208
20390		2.322624e+01	31	1.046151e+01	506	1.308957e+01	2620
20410		5.880855e+00	4153	1.372905e+01	474	1.275711e+01	1775
20443		5.841944e+01	19	7.258502e+00	3223	7.351699e+01	7
20446		4.906685e+01	5	1.075827e+01	1046	1.611961e+01	2084
20448		6.459198e+00	542	6.527259e+01	1	9.604681e+00	1229
20510		9.680968e+00	310	7.425606e+00	1348	1.214044e+01	169
20534		1.158088e+01	226	1.344808e+01	155	2.277306e+01	76
20538		6.496269e+00	3498	7.389814e+00	3461	1.256057e+01	412
20633		3.620337e+01	7	1.662334e+01	202	1.331503e+01	1273
20650		2.420822e+01	34	7.142283e+00	1438	9.720307e+00	2400
20664		9.816492e+00	400	8.801569e+00	428	1.541311e+01	332
20667		3.032942e+00	4177	1.712489e+01	306	9.946620e+00	1027
20675		7.201437e+01	1	9.987083e+00	2123	1.224574e+01	3425
20683		6.902282e+01	3	5.958298e+00	3289	7.798436e+00	3291
20696		1.379721e+01	190	1.139578e+01	3770	1.511363e+01	1095
20756		1.206760e+01	209	6.425463e+00	2354	8.251728e+01	1
20766		1.508109e+01	3607	1.657234e+01	2559	4.968643e+01	36
20783		6.171323e+01	3	5.123629e+01	34	7.521205e+00	1174
20788		7.844952e+01	1	1.145198e+01	3784	2.067150e+01	532
20800		1.067785e+01	363	7.944299e+00	1301	7.259419e+00	2027
20845		5.218497e+00	1744	3.270498e+01	23	8.292224e+01	1
20851		1.463263e+01	3137	1.749502e+01	3814	2.030866e+01	1281
20852		1.309878e+01	59	2.741114e+01	48	7.651273e+00	1478
20890		5.906823e+01	1	1.089709e+01	1408	1.438857e+01	1030
20921		1.460458e+01	574	3.642523e+01	105	2.853434e+01	109
20972		4.188047e+00	2513	6.484736e+00	1370	5.792745e+00	1655
20978		1.631272e+01	139	5.266460e+01	4	2.915900e+01	78
20980		8.940574e+00	998	2.163124e+01	28	8.895847e+00	1724
20984		4.760359e+01	5	1.552573e+01	1625	1.941112e+01	1297
20991		1.642818e+01	307	1.294130e+01	1923	1.218688e+01	2769
21073		2.643774e+01	161	1.609548e+01	1367	1.634499e+01	4077
21116		5.298497e+01	7	1.302484e+01	420	1.132247e+01	3986
21121		1.131636e+01	2905	2.079140e+01	278	1.940115e+01	462
21128		3.084578e+00	586	7.690768e+00	3174	1.077190e+01	1948
21144		4.467478e+01	7	1.179439e+01	3245	1.476197e+01	916
21158		4.330011e+01	12	4.780985e+00	3395	1.401686e+01	2941
21172		2.612252e+01	45	1.777295e+01	221	1.675068e+01	999
21188		2.695553e+01	18	4.406884e+00	2363	1.651808e+01	181
21203		1.457505e+01	81	1.843550e+01	1794	3.798463e+01	27
21210		3.126388e+01	48	1.325001e+01	2108	2.068333e+01	486
21238		6.860495e+00	814	2.047893e+01	71	8.690631e+00	2968
21242		3.062136e+01	7	6.424061e+00	1103	7.969597e+00	3310
21318		6.685370e+01	1	8.602980e+00	3548	4.035771e+01	17
21358		5.582343e+01	1	2.657101e+01	75	1.571418e+01	816
21377		3.119826e+01	34	1.495487e+01	1438	1.437424e+01	3119
21399		1.666585e+00	1836	3.763758e+01	13	7.639347e+00	2504
21407		3.000599e+00	835	6.259751e+00	2961	9.018875e+00	2706
21500		9.721862e+00	404	1.783449e+01	97	2.617932e+01	18
21584		3.722517e+01	6	2.734894e+01	27	1.873881e+01	1738
21610		3.351129e+00	2485	1.418974e+01	172	9.818231e+00	1776
21611		1.107146e+01	123	1.296531e+01	362	1.102420e+01	2439
21616		4.576100e+00	1042	6.123476e+01	1	1.130985e+01	2742
21680		3.417884e+01	7	8.041831e+00	4162	1.094154e+01	446
21691		7.369627e+00	1139	2.609358e+01	73	2.618601e+01	88
21722		6.352750e+01	1	1.009925e+01	3404	1.430343e+01	2118
21747		3.693410e+01	2	1.878515e+01	581	1.983466e+01	742
21793		2.113037e+00	3314	1.375580e+01	172	6.328184e+01	7
21842		3.152578e+01	26	1.025024e+01	453	1.378490e+01	403
21853		4.605698e+00	689	9.298189e+00	525	1.153266e+01	4304
21860		5.435637e+01	2	9.282512e+00	478	1.125311e+01	1595
21891		9.702059e+00	542	6.050943e+00	3523	1.508762e+01	82
21907		2.298353e+01	44	3.166704e+01	16	3.584712e+01	83
22017		5.044091e+01	1	1.350467e+01	417	1.125274e+01	2737
22079		3.971563e+01	4	9.773354e+00	955	9.337760e+00	1713
22193		5.054633e+00	1004	3.086107e+01	22	1.853604e+01	96
22205		5.981776e+00	2357	1.829780e+01	165	7.838240e+00	2529
22228		5.477566e+00	4234	1.526780e+01	338	1.888578e+01	106
22279		6.400308e+01	1	1.347086e+01	681	1.694448e+01	98
22280		5.868241e+01	7	1.347061e+01	2957	1.440076e+01	1900
22301		1.064896e+01	694	8.543452e+00	2298	1.157552e+01	1496
22369		1.082017e+01	114	2.351091e+01	44	2.151146e+01	213
22376		9.429738e+00	138	1.016324e+01	1526	3.533204e+01	50
22393		3.218150e+01	14	1.032077e+01	3783	1.770007e+01	178
22400		5.890415e+01	19	6.635997e+01	5	2.008994e+01	334
22403		6.777467e+01	1	3.973486e+01	75	1.250640e+01	907
22451		1.979457e+01	21	1.019789e+01	1065	1.137724e+01	3606
22474		1.769638e+01	28	1.546310e+01	108	1.349060e+01	1728
22540		3.725878e+01	2	8.987567e+00	3931	1.010164e+01	2451
22544		3.104522e+01	18	1.066565e+01	2738	2.906709e+01	181
22582		5.888254e+00	740	5.567708e+00	1429	8.713864e+01	1
22593		2.074615e+00	3206	6.081124e+01	3	7.907526e+00	1300
22663		7.541164e+00	108	1.157957e+01	2934	1.518096e+01	4102
22666		4.921107e+01	8	1.020046e+01	3389	1.295038e+01	4245
22754		2.968843e+01	8	2.706412e+01	90	3.898904e+01	10
22780		4.024925e+01	3	1.120928e+01	2301	1.510323e+01	1450
22802		5.971660e+01	1	1.198329e+01	791	1.012227e+01	3404
22815		1.140689e+01	168	9.485085e+00	1091	9.867050e+00	944
22837		1.658510e+01	41	7.376530e+00	1193	1.442545e+01	278
22850		1.663790e+01	71	3.950651e+01	18	1.292499e+01	1226
22919		9.201786e+00	2297	2.541921e+01	66	9.864876e+00	3955
22938		7.505994e+01	1	6.409099e+00	2118	6.063760e+00	2695
22982		7.012091e+00	3719	1.009691e+01	1668	1.046490e+01	627
23037		1.717542e+01	32	1.870077e+01	128	4.743884e+00	3858
23160		1.338812e+01	939	1.222528e+01	2651	1.334937e+01	1291
23287		6.281790e+01	5	1.778591e+01	766	1.727970e+01	1237
23332		1.377254e+01	220	1.153579e+01	1745	3.667496e+01	23
23383		4.302452e+01	8	6.444424e+00	1087	5.486862e+00	3373
23395		8.606431e+00	544	9.952193e+00	2335	2.451191e+01	105
23414		1.314953e+01	121	8.214777e+00	905	6.303317e+00	2803
23455		6.229057e+00	844	2.128149e+01	72	1.950191e+01	107
23518		5.283940e+01	6	5.044584e+00	2342	1.467143e+01	43
23549		1.043640e+01	1230	3.583564e+01	39	2.192421e+01	159
23554		2.347838e+01	78	5.253273e+01	4	1.561448e+01	128
23566		2.029939e+00	2311	1.075751e+01	608	4.597559e+00	4022
23626		1.011263e+01	675	9.125861e+00	529	2.445949e+01	21
23663		1.172105e+01	82	9.431613e+00	1229	8.523831e+00	3523
23664		1.351953e+01	31	1.131840e+01	3947	1.561171e+01	3996
23672		2.715163e+01	37	1.724226e+01	304	1.589260e+01	3252
23700		6.379401e+00	3458	4.938318e+01	6	1.015680e+01	2997
23723		6.961910e+00	2919	7.949590e+00	4136	9.320386e+00	3331
23734		1.364409e+01	83	7.055654e+00	2797	4.010286e+01	16
23751		2.433543e+01	132	9.853356e+00	3396	2.701448e+01	70
23758		2.800385e+01	70	5.577960e+01	6	1.649081e+01	892
23759		6.788423e+01	7	1.157039e+01	2841	1.221399e+01	1765
23776		8.115805e+01	1	1.785906e+01	641	2.077234e+01	961
23786		5.891233e+00	3570	1.060048e+01	1350	8.194356e+00	903
23796		4.348876e+00	3725	7.380329e+00	977	1.167267e+02	1
23802		1.504308e+01	76	1.627047e+01	226	1.089293e+01	2390
23810		1.159003e+01	457	8.368720e+00	3006	1.278417e+01	757
23820		1.557648e+01	267	1.147425e+01	1179	1.724628e+01	275
23829		9.761490e+00	324	5.683479e+00	2111	3.887038e+01	7
23842		1.028164e+01	264	2.161320e+01	70	1.183520e+01	4308
23861		9.231538e+01	1	4.007548e+01	4	1.148984e+01	1936
23865		1.827968e+01	96	1.710269e+01	362	4.787401e+01	2
23901		5.873296e+01	1	2.702886e+01	95	2.464242e+01	155
23916		5.434387e+01	1	9.913811e+00	2697	1.506893e+01	379
23924		7.628197e+00	662	7.340186e+00	1398	1.001474e+01	568
23942		4.673263e+01	2	1.377483e+01	2909	1.630780e+01	2647
23943		1.668565e+01	143	6.705750e+00	3423	2.608792e+01	47
24011		1.682794e+01	402	2.503263e+01	203	5.835364e+01	5
24016		2.370412e+01	10	1.480837e+01	299	1.410257e+01	1953
24034		4.535067e+01	6	1.936148e+00	3458	1.152954e+01	2997
24055		4.527649e+00	1438	5.656548e+01	3	1.596747e+01	540
24072		4.307019e+00	504	1.049412e+01	1923	1.277748e+01	1182
24098		1.167222e+01	126	1.772498e+01	1010	1.629549e+01	2404
24109		1.423819e+01	1189	1.536331e+01	1200	1.423801e+01	4217
24118		7.551027e+00	2082	8.548013e+00	1215	1.835624e+01	78
24124		3.171923e+01	17	1.160123e+01	1409	7.456322e+01	1
24131		5.139231e+00	1187	6.915668e+00	1771	8.113913e+00	593
24166		1.589520e+01	618	2.441869e+01	403	1.623090e+01	1131
24196		5.369988e+00	2662	9.426793e+01	1	8.542095e+00	3307
24219		4.943358e+01	5	8.895591e+00	1702	1.895210e+01	80
24245		6.067807e+00	3049	1.270939e+01	159	2.000375e+01	73
24251		1.047905e+01	1470	2.670101e+01	31	4.480726e+01	25
24299		5.401566e+01	3	1.409025e+01	3206	1.700778e+01	1678
24368		6.981658e+01	1	1.341124e+01	2118	1.750918e+01	3390
24369		1.539522e+01	151	8.225195e+00	827	6.096115e+00	2660
24390		7.588696e+00	259	1.194077e+01	186	1.197626e+01	855
24422		2.320992e+01	102	1.165103e+01	241	1.488167e+01	492
24455		1.132953e+01	771	1.328276e+01	253	1.448554e+01	184
24483		4.077035e+00	1244	2.582278e+01	70	8.294826e+01	1
24535		1.512061e+01	323	1.672732e+01	2696	2.752498e+01	43
24580		5.610074e+01	3	1.129672e+01	1438	1.863362e+01	540
24602		2.140649e+01	138	6.153962e+00	2417	8.747050e+00	2416
24626		1.235416e+01	101	8.195477e+00	2258	7.535117e+00	2777
24658		1.199731e+01	238	7.128470e+00	2651	9.334450e+00	939
24695		3.837389e+00	2186	2.747749e+00	3983	3.427018e+01	2
24730		1.203916e+01	44	8.341414e+00	2560	1.377207e+01	1265
24745		4.625747e+00	1730	1.295748e+01	135	2.163601e+01	49
24784		2.085864e+01	44	2.833454e+01	57	1.123023e+01	2576
24843		3.481425e+01	25	5.117311e+00	3744	6.746273e+00	3111
24862		3.551423e+01	10	7.103405e+01	2	1.510033e+01	1682
24875		9.399689e+00	3015	2.252639e+01	77	1.246573e+01	1326
24930		1.920511e+01	105	1.444193e+01	475	2.152505e+01	131
24975		1.386333e+01	42	1.441465e+01	3653	1.495587e+01	1491
24976		1.411857e+01	650	1.683479e+01	85	1.369790e+01	393
25045		1.523318e+01	171	1.064437e+01	1960	1.197899e+01	1648
25054		5.207737e+01	5	1.021434e+01	1806	1.263382e+01	1761
25064		4.854879e+00	4016	4.976569e+01	7	7.022270e+00	2313
25117		1.968791e+01	177	1.183066e+01	875	1.360475e+01	1363
25148		1.736186e+01	73	2.524249e+01	21	1.783466e+01	309
25174		3.723705e+01	4	1.986947e+01	139	1.664677e+01	1603
25256		1.713588e+00	2737	3.862345e+00	3539	5.101342e+01	1
25315		1.053034e+02	1	1.149678e+01	1854	1.174175e+01	3677
25373		4.745261e+01	3	7.813830e+00	1759	1.439618e+01	1184
25428		4.647819e+01	7	1.385407e+01	3986	1.396096e+01	3245
25444		5.485859e+00	4124	1.202490e+01	720	1.252956e+01	779
25517		1.116010e+01	162	1.185232e+01	470	1.058318e+01	744
25556		3.685462e+01	5	7.516833e+00	1555	1.560762e+01	1059
25589		1.045627e+01	254	7.934932e+00	3985	1.406662e+01	1452
25617		7.505567e+00	267	1.430269e+01	305	1.706759e+01	275
25666		7.238087e+00	3798	2.715855e+01	115	5.699095e+01	4
25700		1.000077e+01	3757	1.553704e+01	667	1.275192e+01	3737
25712		1.096814e+02	1	1.098013e+01	3725	1.216042e+01	3677
25723		2.149681e+01	20	4.917774e+01	8	1.164508e+01	4027
25742		1.229305e+01	594	1.335523e+01	3531	2.538685e+01	206
25796		1.090039e+01	853	1.696121e+01	1120	1.537030e+01	3102
25864		6.636521e+01	2	2.668659e+01	147	1.287867e+01	2017
25870		1.445492e+00	2007	4.887319e+01	3	6.838276e+00	1129
25895		4.818670e+01	3	1.058519e+01	540	2.489523e+01	112
25964		9.847937e+00	366	7.858654e+01	1	1.345860e+01	948
25975		4.168452e+01	3	1.864817e+01	731	1.457902e+01	2832
25980		8.755004e+01	1	6.539326e+00	3631	2.888725e+01	55
25999		2.326616e+01	15	1.344730e+01	2888	1.572449e+01	1724
26012		3.088448e+01	16	3.284895e+00	2780	3.627854e+00	3087
26020		3.594347e+01	6	6.260869e+01	1	1.031204e+01	3537
26033		2.047455e+01	24	1.527374e+01	548	1.321578e+01	3595
26041		2.423962e+01	24	9.324999e+00	799	2.181226e+01	42
26054		7.514468e+00	96	1.210958e+01	362	1.424240e+01	996
26098		5.050241e+00	2122	1.360494e+01	316	1.484309e+01	2969
26120		2.953260e+01	18	2.104586e+01	192	2.360766e+01	71
26125		9.336082e+00	249	1.971101e+01	100	6.254435e+01	1
26136		7.887009e+00	434	4.097005e+00	2179	7.675763e+00	251
26178		1.215185e+01	132	7.426196e+00	3396	2.073740e+01	62
26179		1.527530e+01	220	9.532489e+00	2744	3.013557e+01	23
26195		9.638362e+00	816	1.887340e+01	75	5.743287e+01	1
26301		5.300423e+01	4	9.825989e+00	1538	1.448025e+01	218
26305		8.129613e+00	304	1.042126e+01	703	1.081180e+01	2925
26312		2.398728e+01	72	3.293730e+01	14	7.945905e+00	3089
26356		2.279972e+01	16	1.466945e+01	817	2.664266e+01	21
26397		3.626203e+01	9	9.801292e+00	2060	2.773848e+01	159
26416		3.986509e+00	2313	9.058637e+00	997	5.303452e+00	4016
26443		1.901489e+01	107	4.592223e+01	14	1.402357e+01	1153
26480		2.501865e+01	45	1.590749e+01	221	1.086995e+01	1241
26501		1.369810e+01	2785	4.017802e+01	29	1.798410e+01	1055
26504		4.736024e+00	1813	3.904244e+01	10	1.917117e+01	554
26514		1.267832e+01	179	4.800929e+01	19	6.223297e+00	3240
26544		1.089149e+01	230	2.134381e+01	102	1.425051e+01	1254
26557		7.801431e+01	1	1.253563e+01	751	3.194534e+01	47
26574		3.814334e+01	16	1.404488e+01	122	9.854954e+00	1142
26584		6.936476e+00	262	7.400056e+00	407	1.094748e+01	1942
26633		9.871592e+00	790	2.064300e+01	110	4.940478e+01	6
26635		1.233871e+01	1965	3.172257e+01	45	1.383194e+01	1241
26657		1.623422e+01	84	2.385639e+01	22	1.456507e+01	256
26667		2.285863e+01	15	2.895309e+01	31	1.521693e+01	1470
26669		4.649402e+01	3	1.492575e+01	919	1.484173e+01	1005
26681		9.016806e+01	1	1.340763e+01	948	1.205429e+01	673
26702		8.804794e+00	330	1.353596e+01	1008	1.472772e+01	594
26703		6.525852e+00	3131	8.936006e+00	800	1.465981e+01	753
26723		4.824603e+01	7	5.545712e+00	1612	3.980906e+00	2945
26802		5.634813e+01	5	1.159065e+01	3866	1.356980e+01	3183
26805		4.119462e+01	7	2.328602e+01	446	2.029368e+01	1225
26806		1.785325e+01	17	1.000879e+01	1978	2.619653e+01	75
26907		7.724731e+00	872	8.282639e+00	1464	8.862680e+00	3690
27002		6.907514e+00	835	1.370977e+01	222	1.020059e+01	2706
27004		7.203730e+00	902	6.970644e+00	1205	5.867436e+01	1
27008		1.909958e+01	42	4.650861e+00	1491	2.753860e+01	34
27017		6.246697e+01	1	1.530196e+01	100	8.509514e+00	1698
27032		4.714963e+01	3	4.198200e+01	34	1.259040e+01	427
27074		7.552698e+00	902	8.035424e+00	2742	1.006822e+01	1205
27134		1.706360e+01	50	1.494674e+01	1752	2.317108e+01	121
27156		3.885177e+00	2671	8.527397e+00	2664	1.629044e+01	163
27191		5.565339e+00	1754	9.465769e+00	1488	1.345433e+01	786
27199		5.799989e+01	5	6.370279e+00	3581	2.154456e+01	370
27218		6.544043e+00	675	7.513409e+00	1579	1.105555e+01	1136
27220		5.139980e+00	2196	7.764471e+00	1685	7.659912e+00	2902
27228		7.680496e+01	1	5.330415e+00	925	1.288095e+01	981
27230		1.502481e+01	22	1.401413e+01	1711	1.797677e+01	818
27311		1.433401e+01	107	8.531758e+00	2074	7.650918e+00	3780
27330		6.602808e+01	4	1.460206e+01	3131	1.635007e+01	800
27337		1.403703e+01	110	1.552800e+01	142	1.081683e+01	2115
27361		3.839945e+00	4059	5.275521e+00	2896	1.705963e+01	187
27401		1.778144e+01	156	1.261879e+01	1729	4.789730e+01	9
27412		5.093841e+00	757	4.128823e+01	12	1.932749e+01	457
27451		2.294836e+01	66	1.325207e+01	301	3.475465e+01	40
27624		7.031495e+00	2214	3.979416e+01	12	7.826914e+00	3374
27697		2.324704e+01	16	3.126986e+01	21	3.214983e+01	24
27710		1.562151e+01	779	2.979517e+01	91	1.338590e+01	2910
27761		1.799572e+01	31	4.176621e+00	3887	6.831415e+00	1121
27768		2.389234e+01	43	6.913547e+00	2120	2.336562e+01	142
27772		2.190010e+01	11	1.150652e+01	1756	1.462517e+01	559
27780		8.737599e+01	1	1.972424e+01	870	1.868102e+01	3522
27804		4.576791e+01	2	1.074897e+01	2014	1.231984e+01	2440
27810		3.754246e+00	4221	1.335368e+01	413	1.435817e+01	137
27816		3.436323e+00	1263	2.355299e+01	27	1.097961e+01	438
27852		1.439798e+01	111	1.535355e+01	1536	6.093253e+01	4
27888		8.307227e+00	3356	8.594030e+00	3335	1.283636e+01	1318
27915		4.685652e+01	5	1.288198e+01	1625	1.582472e+01	2396
27983		7.741350e+00	266	1.906326e+01	64	1.228417e+01	997
28055		9.329200e+00	244	1.209484e+01	3457	1.773177e+01	354
28104		3.002327e+01	19	5.346345e+01	2	9.631589e+00	2100
28150		6.524205e+00	1852	2.186705e+01	233	1.108868e+01	1918
28172		4.231205e+01	3	1.716364e+01	2087	1.600309e+01	2875
28211		2.500246e+00	2331	1.298984e+01	197	7.030476e+00	1649
28218		5.666709e+00	2863	1.376593e+01	284	1.289772e+01	951
28253		6.756411e+00	2879	1.855596e+01	176	1.080583e+01	2642
28270		4.011029e+00	3366	1.563557e+01	109	7.194672e+00	1320
28272		1.727845e+01	197	1.026005e+01	670	7.423560e+00	3391
28283		7.408367e+00	1996	6.757952e+00	3848	8.668331e+00	2824
28301		4.152130e+01	3	2.715893e+01	38	1.192908e+01	3180
28308		5.485195e+00	2827	1.130887e+01	469	8.967210e+00	2597
28337		1.168173e+01	2074	2.451154e+01	107	1.513973e+01	1003
28348		7.657111e+00	135	1.055500e+01	453	8.951995e+00	1275
28381		3.839853e+01	7	1.044383e+01	4113	1.387191e+01	783
28420		6.939347e+01	1	5.347683e+00	2269	9.070144e+00	364
28539		7.522089e+00	456	1.371313e+01	184	5.459620e+00	1518
28614		1.167459e+01	169	4.155912e+00	1348	1.257153e+01	245
28645		8.003799e+01	1	7.598816e+00	878	9.391509e+00	1974
28659		8.677521e+00	168	8.082224e+00	2046	1.022192e+01	1028
28701		1.161680e+01	51	1.176445e+01	500	8.339312e+00	2361
28769		5.088074e+01	7	1.050082e+01	1900	1.746328e+01	4280
28770		3.397607e+00	2413	1.027884e+01	183	6.799653e+00	3788
28785		6.699233e+00	4158	7.383733e+00	1571	1.735880e+01	322
28790		1.122281e+01	721	9.278340e+01	1	1.987254e+01	261
28831		4.144389e+01	2	3.532098e+00	3931	1.084928e+01	2451
28860		1.317968e+01	106	6.921457e+00	2676	1.445174e+01	204
28921		4.004247e+01	5	2.463216e+01	80	1.816868e+01	281
28957		3.297080e+01	9	5.371113e+00	3004	1.386328e+01	321
29026		2.266046e+01	32	8.949583e+00	717	8.110882e+00	1420
29042		1.771888e+01	218	1.734938e+01	363	1.239572e+01	2465
29059		3.393682e+00	2719	1.132596e+01	456	2.118482e+01	184
29060		2.760761e+01	40	4.511041e+00	3966	1.441648e+01	147
29126		4.030962e+00	1125	1.424055e+01	522	2.241188e+01	39
29127		1.614767e+01	326	1.343482e+01	2934	2.735022e+01	142
29137		3.088267e+01	11	1.241390e+01	2417	1.581813e+01	2416
29185		4.522269e+01	19	1.179538e+01	4061	5.795939e+01	2
29236		1.200465e+01	164	5.401032e+01	3	1.081609e+01	1012
29263		8.897034e+00	2377	1.625132e+01	1373	7.969517e+01	1
29292		4.313285e+01	4	6.962041e+00	1502	9.180985e+00	750
29327		2.035103e+00	1723	7.892252e+00	3999	8.681599e+00	3252
29365		4.831289e+01	5	7.650954e+01	1	1.763179e+01	366
29393		1.012477e+01	179	7.181262e+00	4010	9.884041e+00	1218
29402		4.136874e+00	610	7.753827e+01	1	8.267964e+00	1134
29417		2.098413e+00	2163	1.453084e+01	201	5.348729e+00	937
29431		1.347877e+01	96	1.568879e+01	362	1.003657e+01	1562
29467		2.183538e+01	17	1.015907e+01	676	1.063672e+01	793
29493		1.107787e+01	267	8.021405e+00	3572	7.439842e+00	3618
29543		7.347872e+00	2199	8.383100e+00	1364	5.499900e+01	2
29582		2.303933e+01	90	3.955045e+00	4120	1.370707e+01	163
29585		4.039619e+00	4212	5.682578e+00	2688	6.244077e+00	4224
29597		2.319799e+01	9	2.016536e+01	3429	2.135767e+01	3428
29603		8.818961e+00	3335	8.865145e+00	3356	1.881780e+01	91
29635		2.184925e+01	38	4.087252e+01	3	8.383307e+00	3180
29650		2.065622e+01	50	1.501519e+01	125	1.813457e+01	121
29689		4.916294e+01	5	2.166419e+01	63	1.299883e+01	2069
29702		1.006600e+01	1853	1.212730e+01	2754	1.203576e+01	1009
29719		1.314550e+01	158	2.250938e+01	127	4.814935e+01	5
29756		3.039341e+00	1600	1.100947e+01	1678	1.142160e+01	1811
29759		1.415599e+01	86	4.619181e+00	3242	8.167968e+00	3997
29779		6.035041e+00	709	2.585197e+01	92	3.043980e+01	52
29819		1.721888e+01	68	1.609420e+01	432	2.762447e+01	121
29835		5.330195e+00	3477	6.692866e+00	3479	1.282617e+01	3457
29844		4.854574e+01	4	9.052640e+00	899	1.010506e+01	1885
29859		1.506374e+01	63	5.461337e+00	2069	7.575025e+00	2389
29897		2.624575e+01	22	6.304996e+00	3152	1.108099e+01	1004
29905		1.905721e+00	2052	4.719422e+01	6	9.459273e+00	3013
29911		2.537163e+01	32	5.522130e+00	3950	6.387106e+00	3971
29976		7.904213e+00	1837	9.401379e+00	2705	9.829700e+00	2948
30060		2.929811e+01	20	8.397155e+00	2093	1.064403e+01	591
30084		2.141969e+01	53	1.492412e+01	286	2.425778e+01	44
30098		2.875219e+01	22	5.960327e+01	5	9.855450e+00	2169
30130		6.173320e+00	475	1.159204e+01	658	1.044528e+01	2328
30182		4.499532e+00	1037	7.580071e+00	1397	8.267338e+00	1072
30193		9.043848e+00	562	1.044130e+01	1039	1.083098e+01	1781
30196		3.805492e+01	36	1.685887e+01	3540	1.836731e+01	1264
30245		5.357548e+01	7	1.100966e+01	2646	9.846479e+00	4081
30273		1.087121e+01	197	5.029741e+00	670	1.230207e+01	711
30356		8.391025e+00	125	1.554871e+01	129	2.928683e+01	50
30493		3.486753e+01	12	1.949744e+01	39	1.131918e+01	3038
30499		7.089072e+00	429	2.717516e+01	33	1.069270e+01	3513
30514		7.977023e+00	557	6.924555e+00	2412	1.048273e+01	459
30667		1.520567e+01	175	5.707074e+01	2	1.438132e+01	387
30668		5.689523e+00	1300	7.792502e+00	2621	9.033005e+00	2446
30722		5.623471e+00	2073	7.532453e+00	3123	6.812181e+00	3130
30736		1.986051e+01	70	5.241134e+00	2939	8.210608e+00	867
30802		2.469502e+01	31	1.010620e+01	246	1.421302e+01	515
30826		8.755799e+00	411	4.199371e+00	4074	5.553849e+01	2
30905		2.031934e+01	16	1.122178e+01	758	1.855711e+01	520
30939		2.179119e+01	39	1.613316e+01	173	8.725435e+00	3597
31006		1.044281e+02	1	1.323532e+01	1926	1.983098e+01	277
31034		1.671599e+01	78	4.942065e+01	4	8.922665e+00	2082
31057		1.139148e+01	178	6.352808e+00	1495	6.846768e+00	1236
31113		5.016729e+01	3	6.681430e+00	838	9.016229e+00	982
31186		5.125782e+00	364	1.597006e+01	210	8.979871e+00	2577
31218		8.651285e+00	216	9.663853e+00	1334	7.773039e+00	3161
31233		8.255768e+00	177	9.486596e+00	1314	9.973918e+00	1060
31274		2.130470e+01	70	9.191317e+00	2986	5.250737e+01	6
31320		1.443412e+01	49	3.142472e+00	2220	1.571950e+01	59
31326		8.760630e+01	1	7.116147e+00	2915	7.874952e+00	2670
31358		7.225974e+01	1	6.943021e+00	656	4.193060e+01	9
31401		3.479079e+00	2657	5.617605e+00	2028	1.535089e+01	313
31576		1.639233e+01	102	1.667283e+01	230	1.331482e+01	1254
31626		5.218217e+00	939	1.053953e+01	2651	1.351864e+01	1291
31676		5.168125e+00	2550	1.490420e+01	918	1.319386e+01	2554
31753		5.146030e+01	1	2.277604e+01	4283	2.451117e+01	1835
31863		2.062626e+01	209	1.900828e+01	39	1.004217e+01	695
31886		6.783270e+01	1	1.491603e+01	3433	1.665165e+01	3404
31895		2.652178e+01	15	1.493351e+01	351	1.096411e+01	3312
31991		3.578030e+01	20	1.176971e+01	2337	2.240144e+01	48
32206		6.899765e+00	682	1.656392e+01	76	7.159326e+00	3681
32220		2.183178e+00	2004	6.916113e+00	713	4.501822e+01	4
32248		1.079327e+01	65	9.862236e+00	1032	9.076898e+00	1311
32264		7.038003e+01	3	7.313031e+00	1553	8.404865e+00	3758
32272		1.845793e+01	171	1.412371e+01	867	1.386277e+01	1960
32274		5.978004e+00	3450	6.128942e+00	3464	9.866587e+00	1152
32306		1.762603e+01	30	2.634666e+01	98	7.106391e+01	1
32324		1.084413e+01	161	1.876349e+01	194	3.639608e+01	13
32346		2.043216e+01	46	1.090770e+01	640	1.034463e+01	1149
32348		5.121293e+01	2	1.035448e+01	2861	9.543022e+00	3956
32365		5.969332e+01	5	1.581267e+01	423	1.459964e+01	2157
32388		1.857361e+01	23	1.314679e+01	290	4.018177e+01	9
32555		1.027200e+01	675	1.053882e+01	1136	1.014217e+01	1579
32626		1.069055e+01	492	1.091763e+01	921	1.669527e+01	241
32628		3.255234e+01	7	1.470862e+01	1504	1.597288e+01	783
32720		5.729105e+00	378	1.252264e+01	182	2.202194e+01	58
32874		7.134413e+00	2757	1.265974e+01	2253	1.333381e+01	3612
32875		5.035859e+00	747	1.792323e+01	233	1.113270e+01	1700
32943		8.095050e+00	1349	1.388090e+01	129	7.911633e+00	3541
32949		3.842095e+01	7	1.215753e+01	1542	1.005683e+01	4160
32960		3.369967e+01	7	8.409738e+00	1225	1.187079e+01	1651
32965		2.731140e+01	9	1.729523e+01	3004	2.065627e+01	752
32970		1.387069e+01	380	9.524886e+00	2401	1.232749e+01	1755
32993		7.058543e+00	800	1.391443e+01	443	1.165832e+01	3131
33045		2.511688e+01	177	1.459620e+01	875	2.125383e+01	64
33118		1.295250e+01	187	1.250699e+01	1253	1.440787e+01	600
33190		3.325576e+01	18	2.381335e+01	71	2.540667e+01	192
33440		2.983250e+00	3493	8.884405e+00	885	9.471740e+00	2053
33481		6.129678e+00	471	1.799701e+01	404	2.453893e+01	97
33580		3.316251e+00	586	2.180869e+01	130	8.906977e+00	3174
33648		1.150656e+01	2344	1.457656e+01	722	1.551715e+01	1346
33749		4.032113e+00	575	5.799352e+00	3123	7.597007e+00	3130
33777		6.032097e+01	1	1.120766e+01	406	9.889571e+00	2746
33796		5.769440e+00	483	7.176519e+00	3154	4.859212e+01	2
33836		8.384478e+00	2223	1.942187e+01	165	1.861449e+01	209
33859		3.564663e+01	52	1.324637e+01	709	1.012757e+01	2668
33920		5.907067e+01	19	2.363929e+01	230	3.413896e+01	102
33934		5.992001e+01	7	9.871466e+00	2321	9.320925e+00	3314
33944		7.447654e+01	1	1.440452e+01	641	7.307854e+00	1741
33964		4.395959e+01	8	7.268196e+01	1	7.381688e+00	2943
33974		1.157337e+01	30	1.439602e+01	3058	2.515046e+01	95
34039		2.671324e+01	10	1.645919e+01	362	1.613365e+01	807
34101		2.411298e+01	136	4.271700e+01	4	1.406732e+01	1876
34140		2.560158e+01	18	1.136551e+01	1117	1.285398e+01	1971
34177		4.333799e+01	2	1.494150e+01	4022	1.839573e+01	3279
34243		3.890366e+01	6	2.786182e+01	119	2.053378e+01	535
34246		3.530883e+01	9	2.731777e+01	159	1.487781e+01	2060
34259		9.931367e+00	100	3.991218e+01	17	1.366372e+01	1581
34294		3.536524e+01	14	7.782137e+00	1994	8.042079e+00	3154
34496		2.266352e+01	48	7.495321e+00	4168	8.840494e+00	4148
34497		4.298159e+01	2	9.728743e+00	238	7.797056e+00	1881
34498		7.809140e+00	668	4.943814e+01	14	5.425479e+01	2
34714		8.159361e+00	1055	1.583994e+01	97	1.606322e+01	350
34757		5.189899e+00	3535	1.507376e+01	275	1.137435e+01	2053
34797		1.313251e+01	138	1.141536e+01	1526	1.894939e+01	115
34822		1.025498e+02	1	6.443074e+00	1924	9.281274e+00	1854
34833		3.394978e+01	9	1.240765e+01	824	9.306147e+01	1
34888		1.207355e+01	113	7.403302e+00	2850	7.876998e+00	3910
34893		9.118941e+00	635	2.471649e+01	30	1.012918e+01	3097
34950		6.920583e+00	657	5.473198e+01	1	1.100337e+01	2716
34988		9.794215e+00	838	1.291416e+01	982	1.014866e+01	2309
34995		2.251325e+01	46	1.473776e+01	205	1.144044e+01	640
35048		5.652192e+00	2519	8.868982e+00	1323	7.574023e+00	3412
35220		2.002735e+01	55	5.083521e+01	6	1.211604e+01	530
35267		3.393728e+01	23	1.318036e+01	3479	2.022967e+01	513
35294		2.056272e+01	45	1.557575e+01	221	1.070673e+01	2107
35319		3.726896e+01	2	7.067945e+00	2629	5.288436e+00	3957
35431		5.777594e+01	1	1.220496e+01	1835	1.849404e+01	3368
35476		2.845660e+01	13	6.564481e+00	4247	9.149888e+00	4257
35545		1.211132e+01	76	1.762289e+01	195	2.055649e+01	149
35621		8.260963e+00	1770	2.553441e+01	147	1.041614e+01	3301
35843		7.911744e+00	1695	9.962953e+00	2353	3.847330e+01	13
35864		4.601917e+01	12	7.716072e+00	3632	9.155494e+00	3063
35986		3.805264e+01	6	7.942604e+00	4292	1.559858e+01	426
36125		2.358150e+01	90	1.205805e+01	1472	4.521843e+01	8
36231		1.036537e+01	272	2.691898e+01	29	1.957387e+01	68
36294		2.328188e+01	140	1.429768e+01	258	8.528264e+00	2561
36341		2.165542e+01	70	1.424679e+01	228	1.880325e+01	264
36359		4.853464e+01	3	2.251909e+01	203	1.415663e+01	3116
36365		3.956616e+01	9	7.301422e+00	2060	3.147127e+01	23
36393		7.823858e+00	639	7.527456e+00	3592	9.168423e+01	1
36419		3.922786e+01	7	7.281155e+00	2691	2.427681e+01	49
36534		8.965640e+00	431	1.132412e+01	2575	1.268707e+01	2064
36555		2.247570e+01	26	1.086194e+01	194	3.468330e+01	13
36772		3.083383e+01	13	2.580044e+01	18	5.129708e+00	2710
36841		5.062412e+01	1	1.243005e+01	2737	1.856624e+01	417
36845		1.259901e+01	110	1.468475e+01	70	1.213798e+01	1694
36897		4.231243e+01	2	1.008066e+01	269	4.787574e+00	2310
36943		1.809781e+01	42	4.011343e+00	3764	2.199608e+01	34
36949		5.059439e+00	2719	1.168741e+01	377	8.100809e+00	3455
37045		1.903425e+01	20	7.739862e+00	4149	8.315529e+00	4150
37056		3.585890e+01	12	1.310936e+01	3018	1.335089e+01	1483
37118		5.638242e+01	2	4.488316e+01	10	1.017489e+01	2300
37149		1.880744e+01	32	7.044952e+00	3963	1.034286e+01	2856
37211		3.091165e+01	8	9.089328e+00	746	1.208970e+01	4111
37244		2.194357e+01	45	1.189751e+01	435	1.776670e+01	924
37317		3.078213e+01	7	1.487630e+01	2912	2.544570e+01	428
37469		1.387934e+01	50	2.066240e+01	125	1.381786e+01	2388
37488		3.302262e+01	6	7.945861e+00	1029	1.337089e+01	196
37494		8.641010e+00	1059	5.922566e+00	1555	3.614310e+01	5
37582		5.966346e+01	5	8.666286e+00	3581	1.790125e+01	370
37614		4.598007e+01	2	2.692392e+01	14	1.425562e+01	483
37703		3.457042e+01	5	7.623787e+00	1671	8.708108e+00	3792
37714		7.366239e+00	1224	1.289651e+01	231	1.358826e+01	225
37797		9.608301e+00	419	9.686656e+00	852	7.843696e+00	1988
37861		1.849646e+01	234	2.170136e+01	127	2.781617e+01	130
37863		9.491784e+00	2607	1.274566e+01	3160	1.325146e+01	3853
37891		2.936334e+01	298	3.658793e+01	11	2.145475e+01	279
37930		2.499945e+01	9	2.445930e+01	752	2.501702e+01	1460
38026		7.921346e+00	381	9.027736e+00	1969	8.695944e+00	2697
38071		1.186057e+01	184	1.015347e+01	253	1.162818e+01	1662
38107		1.014250e+01	155	1.389048e+01	226	8.454436e+00	3583
38184		6.629867e+01	3	9.395670e+00	1710	1.506654e+01	719
38286		8.100614e+00	871	1.126858e+01	3716	1.183406e+01	2789
38415		1.314882e+01	232	6.032402e+00	3181	4.914063e+01	2
38490		7.656306e+00	3308	3.925702e+01	26	7.937697e+00	3301
38588		4.410464e+00	1775	5.058372e+00	4153	8.382120e+00	921
38660		2.878162e+01	16	9.598499e+00	3606	2.701930e+01	21
38707		2.756242e+01	120	2.529363e+01	64	1.058096e+01	4138
38716		5.844946e+00	3109	6.281410e+01	5	2.581121e+01	84
38958		2.136330e+01	173	1.816741e+01	1483	1.695567e+01	1620
39004		5.907467e+01	1	1.089432e+01	4241	1.587885e+01	2498
39251		2.358594e+01	225	1.129509e+01	4189	2.077809e+01	231
39273		7.498746e+00	1273	1.478424e+01	202	4.119010e+01	7
39298		3.424421e+01	13	9.079075e+00	718	6.767236e+00	3383
39352		2.344153e+01	9	1.922005e+01	3429	2.084426e+01	3428
39755		4.519718e+01	7	1.349232e+01	3986	1.552308e+01	916
39761		5.610916e+00	659	7.485326e+00	2686	1.472952e+01	508
39833		2.268833e+01	20	1.370544e+01	1361	1.394768e+01	2640
39900		2.420014e+01	14	2.181174e+01	72	9.599343e+00	898
39913		8.890371e+01	1	1.124246e+01	2679	1.379379e+01	3320
39956		1.619185e+01	46	1.247627e+01	295	1.195434e+01	1731
39969		7.285746e+00	2809	1.278902e+01	388	2.079471e+01	50
39978		5.190573e+00	2516	1.229494e+01	200	1.484695e+01	192
39979		6.358351e+00	855	2.567796e+01	78	1.379871e+01	186
40013		1.150807e+01	132	1.351066e+01	200	1.399178e+01	4257
40119		5.446328e+01	5	9.073490e+00	1980	8.468126e+00	3628
40283		3.839838e+00	2305	5.024228e+00	3970	3.926281e+01	10
40299		3.444781e+01	65	1.621193e+01	1860	1.523147e+01	3757
40314		2.751368e+01	91	1.914762e+01	323	3.514758e+01	43
40321		4.823330e+01	2	1.150735e+01	573	1.953343e+01	72
40364		1.538795e+01	42	9.741860e+00	1858	3.760262e+01	16
40487		6.369679e+01	1	8.761702e+00	3424	2.284545e+01	87
40493		4.948804e+01	1	1.672912e+01	223	1.198733e+01	3484
40512		3.269977e+01	19	2.490563e+01	133	1.889171e+01	854
40687		7.191581e+01	1	1.598348e+01	4176	1.623619e+01	4233
40818		4.560934e+01	6	3.520510e+01	30	2.854179e+01	119
41170		6.324554e+00	1250	1.196004e+01	177	9.381603e+00	2864
41361		1.426202e+01	93	6.881924e+00	1451	2.157242e+01	67
41386		8.635366e+00	217	1.890384e+01	121	9.163847e+00	2795
41416		3.752659e+01	2	1.158164e+01	2884	1.490695e+01	2014
41443		2.291807e+01	29	4.114835e+01	18	1.206255e+01	3561
41447		7.479879e+00	1618	7.499956e+00	3455	1.526368e+01	377
41518		3.565020e+01	25	2.659101e+01	31	1.390740e+01	1084
41531		2.575131e+01	47	7.603331e+00	3492	1.142444e+01	1975
41536		9.059072e+00	2847	1.039476e+01	1564	2.612443e+01	22
41911		1.999727e+01	22	1.477414e+01	480	1.742453e+01	1947
41914		5.642994e+01	3	1.078815e+01	2873	1.142508e+01	2456
41949		4.619205e+01	5	1.072922e+01	761	1.007594e+01	2791
42032		9.834969e+00	556	2.825363e+01	33	1.492678e+01	1126
42178		1.027775e+01	202	9.527849e+00	325	9.433670e+00	4010
42285		1.958067e+01	30	7.651153e+00	3054	1.082177e+01	2371
42293		2.453292e+01	35	9.947373e+00	1177	1.737088e+01	250
42900		1.901197e+01	48	5.940652e+00	2116	1.159570e+01	3372
42921		1.861085e+01	102	1.259320e+01	2467	1.409373e+01	1537
42937		4.952931e+01	2	8.802847e+00	3181	1.644271e+01	232
43236		8.571026e+01	1	6.431102e+00	948	1.482135e+01	748
43240		3.816937e+00	2019	1.274001e+01	186	1.722894e+01	331
43341		8.143879e+00	423	9.589725e+00	603	8.262823e+00	1863
43405		6.526044e+00	2273	7.734662e+00	1490	1.554456e+01	427
43725		1.052489e+01	112	7.793436e+00	3108	1.129702e+01	2158
43941		8.039658e+00	204	1.044881e+01	295	5.566838e+00	2684
44290		5.488909e+01	3	1.194493e+01	1812	1.724818e+01	1192
44435		1.405318e+01	118	3.759228e+01	8	1.058376e+01	2891
44482		9.079565e+00	175	5.210132e+01	2	1.156961e+01	1284
44771		3.087904e+01	18	2.431556e+01	71	2.471467e+01	192
44772		2.951037e+01	34	1.046305e+01	1438	5.680688e+01	3
44798		6.713840e+01	1	9.372406e+00	3390	1.478579e+01	4194
44853		1.446586e+01	89	1.702800e+01	77	8.741444e+00	1277
45002		8.197809e+00	101	9.364539e+00	2386	1.214447e+01	2777
45210		2.052227e+01	61	1.192666e+01	364	2.285124e+01	210
45232		4.425385e+01	8	9.701276e+00	1813	1.518072e+01	376
45313		4.800734e+00	1368	8.472084e+00	3330	1.567871e+01	1574
45591		6.010012e+00	2212	7.979650e+00	4200	7.391715e+01	1
45600		3.323759e+01	9	1.445959e+01	824	1.579040e+01	4206
45665		3.484612e+01	9	7.354288e+00	2045	9.614806e+00	2356
45743		1.062701e+01	370	8.831346e+00	2557	8.629173e+00	3640
45811		6.288279e+00	1413	5.490064e+00	2578	8.844958e+00	1068
46141		5.340440e+01	1	6.824256e+00	3527	1.333789e+01	417
46150		1.968627e+01	42	3.428415e+00	3764	2.147620e+01	34
46231		1.138266e+01	135	9.485723e+00	1131	1.190522e+01	453
46247		3.365242e+00	4189	4.786943e+00	4204	1.340373e+01	227
46522		1.963776e+01	219	1.542602e+01	209	9.577964e+00	4278
46634		8.501946e+00	242	4.410938e+01	17	2.351590e+01	80
46648		4.039017e+01	12	9.291590e+00	3534	1.375997e+01	757
46694		1.668887e+01	150	6.141234e+00	1556	1.114228e+01	277
46846		4.630063e+01	6	2.648863e+01	99	1.178272e+01	2542
46937		4.632603e+01	12	7.698683e+00	3384	3.088341e+01	43
46976		5.127344e+01	3	1.034651e+01	2005	1.340924e+01	1764
47013		1.567206e+01	32	1.319135e+01	115	1.249065e+01	1599
47102		1.635609e+01	49	4.034979e+01	7	1.329285e+01	4196
47107		5.918350e+01	5	1.181200e+01	423	1.465465e+01	300
47307		3.539937e+01	10	1.087131e+01	1717	6.917441e+01	3
47353		4.322374e+01	5	7.624774e+00	1443	7.226462e+00	2599
47764		3.202933e+01	4	5.553956e+00	2178	1.748851e+01	3934
47768		1.644265e+01	37	1.142636e+01	4037	1.318985e+01	2022
47865		1.221784e+01	81	3.284625e+01	27	1.037000e+01	1794
47961		1.399526e+01	326	1.007363e+01	4231	1.528856e+01	867
47973		3.279754e+01	29	5.804842e+00	3078	1.224391e+01	2261
48011		5.043833e+01	1	1.956522e+01	3014	2.245446e+01	1387
48179		9.818233e+00	215	9.217091e+00	2821	1.124545e+01	1335
48366		1.605117e+01	269	1.513943e+01	720	5.306807e+01	2
48445		7.003200e+00	275	1.438490e+01	305	1.405351e+01	267
48926		5.985619e+01	19	1.561293e+01	2084	2.204737e+01	854
48963		1.047175e+02	1	5.596415e+00	1854	8.511150e+00	1924
49053		3.208911e+01	38	6.780284e+01	3	1.962000e+01	145
49074		7.906184e+00	1220	4.055889e+01	10	1.959495e+01	118
49107		1.130154e+01	121	2.985741e+01	50	1.084014e+01	1436
49161		1.774500e+01	80	5.194071e+01	5	1.150127e+01	281
49309		1.397964e+01	1472	2.527395e+01	90	4.724006e+01	8
49422		6.867838e+00	135	1.304776e+01	172	9.794799e+00	1776
49449		5.410926e+00	2751	7.502540e+00	1662	1.046577e+01	1263
49879		8.193203e+00	1290	1.020919e+01	1187	1.228823e+01	958
50015		1.570843e+01	72	9.923172e+00	898	1.124999e+01	573
50345		6.499262e+00	1026	7.682206e+00	2649	2.009803e+01	92
50465		5.319422e+01	3	1.491110e+01	845	1.278922e+01	2641
50525		3.738039e+01	16	2.104941e+01	44	2.191338e+01	83
50894		1.793891e+01	105	1.647788e+01	498	2.016284e+01	148
51193		6.973304e+00	319	3.364338e+00	2670	8.749223e+01	1
51355		5.180247e+01	12	1.290111e+01	1015	1.328878e+01	498
51375		2.248470e+00	2987	3.448436e+01	18	1.476914e+01	330
51376		2.103508e+01	18	1.092496e+01	2363	2.858166e+01	13
51385		2.331751e+01	28	2.932080e+01	52	1.164704e+01	1827
51629		1.473070e+01	275	5.612887e+00	3572	4.756815e+01	6
51840		8.263169e+00	484	6.273161e+00	954	5.800165e+00	2234
52077		4.828679e+01	5	5.830343e+00	1806	1.078734e+01	1993
52526		9.830027e+00	140	8.694322e+00	3584	1.273011e+01	3549
52696		3.368834e+00	3217	5.680142e+00	2006	6.609960e+00	2627
52901		2.294319e+01	102	1.183893e+01	1254	1.835288e+01	230
53203		6.006113e+01	1	1.246627e+01	4238	1.644522e+01	1779
53209		7.567730e+00	786	6.815932e+00	1754	7.721737e+00	1488
53395		9.547359e+00	486	8.743563e+00	2327	7.764861e+00	876
53463		9.620764e+00	2041	1.406692e+01	1189	1.215497e+01	1431
53853		7.116621e+01	3	7.714447e+00	1157	9.471824e+00	4078
53957		1.133378e+01	561	1.185133e+01	655	1.072822e+01	4297
53960		2.854280e+01	14	2.238363e+01	57	2.870814e+01	72
54142		7.320036e+00	884	3.716398e+01	20	7.855796e+00	3352
54446		4.545709e+01	3	1.205146e+01	1632	2.073909e+01	164
54473		1.612963e+01	65	9.309964e+00	1548	1.462205e+01	680
54846		1.469536e+01	90	3.080435e+01	10	1.214114e+01	1162
54908		1.310869e+01	192	6.000487e+00	2516	3.377294e+01	18
55160		4.014858e+00	3791	1.750764e+01	459	3.275180e+01	16
55275		4.453632e+00	2127	4.336779e+00	2536	8.459030e+00	2978
55961		5.361637e+01	7	8.610664e+00	2099	1.047056e+01	1037
56248		9.945216e+00	2497	1.030843e+01	2502	1.906959e+01	153
56870		1.106770e+01	696	1.711338e+01	250	1.161087e+01	1325
57077		6.299954e+00	931	1.639118e+01	216	3.270770e+01	11
57245		3.204900e+01	10	6.443652e+00	2296	6.523917e+00	3927
57773		2.803129e+01	13	8.361187e+00	3387	1.558638e+01	222
57874		3.411157e+00	1834	1.409381e+01	131	1.205834e+01	346
58131		1.605115e+01	76	1.756758e+01	195	2.156013e+01	149
58140		9.789008e+00	1370	1.228268e+01	1132	1.339597e+01	561
58221		2.129191e+01	43	1.365019e+01	2120	4.196032e+01	28
58316		4.664898e+00	4297	7.595263e+00	2970	2.071179e+01	74
58821		1.078985e+01	171	3.318206e+01	15	1.065655e+01	1648
59351		3.923911e+00	4094	5.773277e+00	4114	1.332922e+01	319
59633		3.617501e+01	8	1.249676e+01	3336	2.314625e+01	118
59968		1.120012e+01	258	1.125437e+01	1079	1.231461e+01	2561
60525		4.384122e+01	6	1.158393e+01	619	3.739207e+01	27
62922		4.689550e+01	4	7.189359e+00	1335	9.979872e+00	1094
63348		9.982216e+00	2240	9.351785e+00	2140	2.144756e+01	242
63696		3.749540e+01	9	1.228746e+01	156	1.414457e+01	1837
